abr_qp=[40	42	39	38	37	37	37	37	37	37	37	37	37	36	36	36	36	36	36	36	36	36	36	36	36	36	36	36	36	36	33	38	38	37	37	37	37	37	37	37	37	37	37	37	37	37	37	37	37	37	37	37	37	37	37	37	37	37	37	37	34	38	38	37	37	37	37	37	36	37	36	36	36	36	36	36	36	36	36	36	36	36	36	36	36	36	36	36	36	36	33	38	37	36	36	36	36	36	36	36
41	46	42	40	38	38	38	37	37	37	37	37	37	37	36	37	36	36	36	36	36	36	36	37	37	37	37	37	37	37	34	40	39	38	38	38	38	38	38	38	38	38	38	38	38	38	38	38	38	38	38	38	38	38	38	38	38	38	38	38	35	40	39	39	38	38	38	38	38	38	38	38	38	38	38	39	39	38	38	38	38	38	38	38	38	38	38	38	38	38	35	39	39	38	38	38	38	38	38	38
42	49	45	43	42	43	42	42	42	42	42	42	42	42	42	42	42	42	42	42	42	42	42	42	42	42	42	42	42	42	39	45	44	43	43	43	42	42	42	42	42	41	41	41	41	41	41	41	41	41	41	41	41	41	41	41	41	41	41	41	39	44	43	43	42	42	42	42	42	42	42	41	41	41	41	41	41	41	41	41	41	41	41	41	41	41	41	41	41	41	38	43	42	42	42	42	41	42	41	41
39	46	45	43	42	42	41	41	41	41	41	41	41	41	41	41	41	41	41	40	40	41	40	40	41	41	41	41	41	41	38	43	42	42	41	41	41	41	41	40	40	40	40	41	41	41	41	41	41	40	40	40	40	40	40	40	41	40	40	40	38	42	41	41	41	41	41	41	41	41	41	41	41	41	41	41	41	41	41	41	41	40	40	40	40	40	40	40	40	40	38	41	41	41	41	41	41	41	41	41
40	45	41	39	38	38	37	37	37	37	36	37	36	36	36	36	35	36	36	36	35	35	35	35	35	35	35	35	35	35	33	38	37	36	36	36	36	36	36	36	36	36	36	36	36	36	36	36	36	36	36	36	36	36	36	36	36	36	36	36	33	38	37	37	37	37	37	37	37	37	37	37	37	37	38	38	38	39	39	39	39	39	39	39	39	39	39	39	39	39	35	41	40	40	40	40	39	39	39	39
44	51	47	44	42	41	41	40	41	40	40	40	39	40	40	39	39	39	39	39	39	39	39	39	39	39	39	39	39	39	37	43	42	41	41	40	40	40	40	40	39	39	39	39	39	39	39	39	39	39	39	39	39	39	39	39	39	39	39	39	37	43	42	41	40	40	40	40	40	40	39	39	39	39	39	39	39	39	39	39	39	39	39	39	39	39	39	39	39	39	36	42	41	41	40	40	40	40	40	40
42	48	44	42	40	40	40	39	39	39	39	39	39	39	39	38	38	38	38	38	38	38	38	38	38	38	39	39	40	40	36	42	42	42	42	42	42	42	42	42	42	42	42	42	42	42	41	41	41	41	40	40	40	40	40	40	40	39	39	39	37	42	41	40	40	39	39	39	39	39	39	39	38	38	38	38	38	38	38	38	38	38	38	38	38	38	38	38	38	38	36	41	40	39	38	38	38	38	38	38
41	48	47	45	44	44	43	43	43	43	43	43	43	43	43	43	43	43	43	43	43	43	43	43	43	43	43	42	43	42	40	45	44	44	43	43	42	42	42	42	42	42	42	42	42	41	42	42	42	42	42	41	41	42	42	42	42	41	41	41	39	43	43	42	42	42	42	42	42	42	42	42	42	42	42	42	42	42	42	42	42	42	42	41	41	41	41	41	41	41	39	43	42	42	42	42	42	42	42	41
41	43	39	36	35	35	34	33	33	33	32	32	32	31	31	31	31	30	30	30	30	29	29	29	29	29	29	28	28	28	28	32	30	30	29	29	28	28	28	28	28	28	27	27	27	27	27	27	27	27	27	27	27	26	26	26	26	26	26	26	25	30	29	28	28	27	27	27	27	27	27	27	26	26	26	26	26	26	26	26	26	26	26	26	26	26	26	26	26	26	24	29	28	27	27	27	27	26	26	26
39	40	36	34	33	32	31	31	30	30	30	29	29	29	28	28	28	28	27	27	27	27	27	26	26	26	26	26	26	26	25	28	27	27	26	26	26	26	26	26	26	26	26	26	26	26	25	26	25	25	25	25	25	25	25	25	25	25	25	25	23	27	27	26	26	26	25	25	25	25	25	25	25	25	25	25	24	24	24	24	24	25	25	24	25	25	25	25	25	25	22	27	26	26	26	25	25	25	25	25
40	41	37	34	34	33	32	32	31	31	31	30	30	30	29	29	29	28	28	28	28	28	28	27	27	27	27	27	27	27	26	30	28	28	27	27	27	27	26	26	26	26	26	26	26	26	25	25	25	25	25	25	25	25	25	25	24	25	24	25	23	27	27	26	26	25	25	25	25	25	25	25	25	25	25	25	25	25	25	25	25	25	25	25	25	25	25	25	25	25	22	27	26	26	26	25	25	25	25	25
40	43	39	38	38	37	37	37	37	37	37	37	37	37	37	36	36	37	36	36	36	36	36	36	36	36	36	36	36	36	34	39	38	38	38	37	37	37	37	37	37	37	37	37	37	37	37	37	37	38	37	37	37	37	38	38	37	37	37	37	34	39	39	38	38	38	37	37	37	37	37	37	37	37	37	37	37	37	37	37	37	36	36	36	36	36	36	36	36	36	34	38	38	37	37	37	36	36	37	37
41	48	47	43	39	38	37	38	40	41	41	41	41	41	40	39	37	35	34	35	34	33	33	35	37	35	34	32	32	35	34	43	46	43	41	39	37	35	36	36	35	39	40	37	36	33	33	35	36	36	36	35	34	35	34	32	32	31	30	30	32	43	41	39	36	34	33	39	37	35	33	32	31	30	30	29	29	29	28	29	29	29	28	28	28	28	29	28	27	27	28	39	40	38	36	33	32	30	29	29
37	44	40	36	33	33	33	33	33	34	34	34	31	29	26	24	23	22	21	21	20	20	19	19	19	18	18	22	26	24	22	27	24	22	21	20	21	22	22	23	23	24	24	24	22	20	19	17	17	16	16	15	15	15	15	15	14	14	14	14	16	23	23	20	22	24	26	26	26	26	26	26	26	26	26	28	29	30	31	32	32	32	31	30	29	29	29	29	29	29	23	30	29	27	25	23	21	20	20	19
38	42	40	38	38	37	37	38	38	38	38	38	38	38	38	38	38	38	38	38	39	39	39	38	38	38	38	39	39	39	36	40	40	40	40	40	40	40	40	40	40	40	40	40	40	40	40	40	40	39	39	39	39	39	39	39	38	38	37	37	36	38	38	38	38	38	38	38	38	38	38	38	39	38	38	38	37	37	37	37	38	38	38	38	38	38	39	39	38	38	35	40	40	39	39	39	39	38	38	38
32	31	27	26	25	24	23	23	22	22	22	21	21	21	21	21	20	21	20	20	21	20	21	21	21	21	21	21	21	21	19	23	22	22	22	22	22	22	21	21	21	21	21	21	22	24	26	27	28	28	28	28	28	28	29	29	29	29	29	30	22	30	29	28	28	28	27	27	27	27	27	27	27	27	26	26	26	26	26	26	26	26	26	26	26	26	26	26	26	26	23	27	27	26	26	26	26	26	26	26
38	42	38	37	37	37	36	36	36	36	36	36	36	36	36	36	36	35	33	32	32	31	31	30	30	30	30	29	29	29	30	31	30	30	29	29	33	38	35	37	38	38	38	39	39	39	39	39	39	40	40	40	41	39	38	38	38	38	38	38	34	41	40	39	39	38	38	38	38	38	38	38	38	38	38	38	38	38	38	37	36	35	35	34	34	34	34	34	34	33	33	35	34	34	34	33	33	33	37	40
40	45	41	40	39	38	38	39	39	40	39	40	40	40	40	40	40	40	40	41	40	41	41	40	40	40	40	41	41	41	37	43	43	43	43	43	43	43	43	43	43	43	43	43	43	43	43	42	42	42	42	42	41	41	41	41	41	40	39	40	38	41	41	40	41	41	41	41	41	41	40	40	40	41	40	40	39	39	40	40	40	40	40	40	40	41	41	41	42	42	38	42	42	42	41	41	41	41	41	40
33	34	30	28	27	27	26	26	25	25	24	24	24	23	23	23	23	23	22	23	22	23	22	23	22	22	23	22	23	22	21	25	25	24	24	24	24	24	23	23	23	23	23	23	24	26	28	29	30	30	29	29	30	30	30	31	31	31	32	32	24	32	31	30	29	29	28	28	28	28	28	27	27	27	27	27	27	27	27	27	26	26	26	26	26	26	26	26	26	26	24	29	28	27	27	26	26	26	26	26
40	40	36	34	34	32	32	32	31	31	30	30	30	29	29	29	28	28	28	28	28	27	27	27	27	27	26	26	26	26	26	29	28	27	27	26	26	26	26	26	25	25	25	25	25	25	25	25	25	25	25	25	25	24	25	24	24	24	24	24	23	27	26	26	25	25	25	25	25	25	24	25	24	24	24	24	24	24	24	24	24	24	24	24	24	24	24	24	24	24	22	27	26	25	25	25	25	25	25	24
40	41	37	35	35	34	33	33	32	32	32	31	31	31	30	30	30	30	30	29	29	29	29	29	29	29	28	28	28	28	27	31	30	30	29	29	29	29	28	28	28	28	28	28	28	28	27	27	27	27	27	27	27	27	27	27	27	27	27	27	25	29	28	28	28	27	27	27	27	27	27	26	26	27	26	26	27	26	26	26	27	26	26	26	26	26	26	26	26	26	24	29	28	27	27	26	26	26	26	26
39	39	35	34	32	32	31	31	30	30	29	29	29	29	28	28	28	28	28	28	27	27	27	28	27	27	27	27	27	27	26	30	29	28	28	28	27	27	27	27	27	27	27	27	27	27	27	27	27	27	27	27	27	27	27	27	27	27	27	27	24	29	28	28	27	27	27	27	27	27	27	27	27	27	27	27	27	27	27	27	27	27	27	27	27	27	27	27	27	27	24	29	28	28	28	27	27	27	27	27
36	38	37	36	37	38	40	40	41	41	42	42	42	43	43	43	43	42	42	42	41	41	40	40	40	40	40	40	40	40	38	41	40	40	40	40	40	39	39	39	40	39	39	39	39	40	39	40	40	40	40	40	40	40	40	40	40	39	39	39	37	40	40	39	39	39	39	39	39	39	39	39	39	38	38	38	38	39	38	38	39	39	39	39	39	39	39	39	39	39	36	41	40	40	40	40	40	40	40	40
37	41	37	33	29	29	26	27	25	25	24	24	23	23	23	22	22	22	21	22	21	21	20	21	20	20	19	20	24	28	20	34	33	33	32	32	32	32	32	32	32	32	32	32	32	32	32	32	32	32	32	32	32	32	32	32	32	32	32	33	28	35	35	34	34	34	34	34	34	34	34	33	33	34	34	33	33	34	33	33	33	33	34	33	33	33	33	33	33	33	30	36	35	34	34	34	34	34	34	34
39	45	44	42	41	41	40	40	40	40	40	40	40	40	40	39	39	39	39	39	39	40	39	39	39	39	39	39	39	39	37	42	41	41	40	40	40	40	40	40	40	40	40	40	40	40	40	40	40	40	40	39	40	40	40	40	40	40	40	40	37	42	41	41	41	41	41	41	40	40	40	40	40	40	40	40	41	41	40	40	40	40	40	40	40	40	40	40	40	40	37	42	41	41	40	40	40	40	40	40
41	47	43	39	37	37	36	36	35	35	36	35	35	34	35	34	34	34	33	34	34	34	34	33	33	33	33	33	32	33	32	37	37	35	34	34	34	34	32	33	33	33	33	32	32	33	33	33	31	32	32	32	32	31	31	32	32	32	31	31	30	35	35	34	33	33	33	33	32	32	33	33	33	32	32	32	33	33	32	33	33	33	33	32	33	33	33	33	32	33	30	37	36	34	34	34	34	34	33	33
