bitrate=[854.3472
792.4224
12414.704
2739.3648
2660.0704
14603.664
24658.056
58228.4];
y_psnr=[
    40.33479
39.094342
38.897463
44.320044
48.566268
42.535497
39.568566
38.257783];
arcsoft_hevc_i_bitrate=[
    1179
1094
18685
5641
6157
29385
58359
92645
];
arcsoft_hevc_i_y_psnr=[
    39.748
38.721
38.853
43.69
47.832
42.162
39.42
38.126
];
arcsoft_hevc_i_rdo_1_bitrate=[
    985
931
14926
3388
3456
18507
36150
74501
];
arcsoft_hevc_i_rdo_1_y_psnr=[
    39.602
38.475
38.599
43.578
47.433
41.952
39.336
38.019
];
arcsoft_hevc_i_rdo_2_bitrate=[
    1168
1086
17711
6688
9325
31810
58169
91615
];
arcsoft_hevc_i_rdo_2_y_psnr=[
    39.74
38.724
38.827
43.56
47.823
42.05
39.36
38.101
];
