tmp_test_yes=[
    5793.912	35.339504	38.625399	38.52564	0.220662
6279.68	35.504046	38.311419	38.354547	0.211476
11625.632	37.772326	42.175693	42.465714	0.048734				
3240.61056	39.60627	41.08079	42.577306	0.012461
876.7968	39.314726	43.692407	44.58655	0.038453
70.8048	42.607796	40.87692	43.569838	0.259449
];
tmp_test_no=[
  5793.912	35.236105	38.478669	38.381523	0.321318
6279.68	35.398846	38.176015	38.216758	0.316652
11625.632	37.619848	42.011128	42.258893	0.070369				
3479.66208	38.990709	41.069853	42.549112	0.034502
910.992	39.086924	43.563627	44.401666	0.125584
71.376	42.323468	40.768872	43.48741	1.079168
];
bitrate_per=(tmp_test_yes(:,1)-tmp_test_no(:,1))./tmp_test_no(:,1)*100;
y_psnr_per=tmp_test_yes(:,2)-tmp_test_no(:,2);
u_psnr_per=tmp_test_yes(:,3)-tmp_test_no(:,3);
v_psnr_per=tmp_test_yes(:,4)-tmp_test_no(:,4);
