%%

hm_test_IP6=[
    5794.32		35.339504		38.625399		38.52564		0.21772
6280.088		35.504046		38.311419		38.354547		0.216688
11626.04		37.772326		42.175693		42.465714		0.04947
1646.192		35.641919		39.267817		39.236809		0.895865
2897.784		33.514329		37.131411		38.15148		0.762462
10555.0752		35.109559		38.972019		39.487894		0.203397
5397.7632		33.140066		39.188987		39.71134		0.687002
51062.8512		34.430439		38.814119		40.951295		0.039902
27806.136		35.492397		38.164918		39.996188		0.043657
9789.384		37.327182		40.415467		40.212338		0.104906
455.9856		39.632582		46.829862		46.068391		1.051591
1521.144		40.390139		46.88414		47.332654		0.261698
11289.5712		38.289849		42.473011		43.598975		0.105192
6194.88		39.536484		44.165271		44.750001		0.112566
1199.6304		35.325475		39.331212		40.183067		0.861623
3444.3696		36.322202		40.061334		41.182658		0.224596
    3240.62208		39.60627		41.08079		42.577306		0.023429
876.8256		39.314726		43.692407		44.58655		0.085565
70.8192		42.607796		40.87692		43.569838		0.746447
174.5136		42.968079		41.928109		45.450264		0.186418
137070.0096		34.403264		36.657343		35.329037		0.006275
3552.10752		35.869907		38.994213		40.24725		0.026591
5882.328		32.617371		36.760609		37.021193		0.082509
17142.6		36.63668		41.693767		42.258489		0.010913
737.7696		34.295075		37.848251		38.13837		0.344794
2994.1728		34.735859		38.169883		39.268595		0.086159
1063.5264		36.372837		38.798134		38.631266		0.094138
299.2608		44.337221		46.775393		47.823587		0.091963
23233.7664		35.70306		40.345038		39.881042		0.011081
3662.05824		38.386195		42.058465		42.779257		0.022985
5841.8784		37.152199		38.533186		40.788385		0.010312
895.104		39.530261		44.097172		44.618224		0.048575
1465.6416		39.222692		45.770986		44.069372		0.047789
1117.9296		39.056561		45.33811		45.314577		0.051438

];
hm_test_IP7=[
    2771.024		32.17345		36.568824		36.251824		0.120027
3125.408		32.139387		35.998613		35.914994		0.123544
5837.312		35.474253		40.610533		40.430202		0.02837
768.392		31.897983		37.188249		36.9027		0.517722
1292.024		29.747812		35.134388		36.122402		0.50016
5187.2736		31.081001		37.068443		37.421631		0.118292
2959.2192		28.612943		37.666298		37.931297		0.430808
24390.8832		30.83402		37.337608		39.423745		0.024679
13086.544		32.466897		37.049933		38.27895		0.033128
5840.976		32.950348		38.068525		37.491474		0.069296
215.2224		35.574828		45.66099		43.734917		0.949848
767.9184		36.417589		45.125427		45.007464		0.2767
6115.2768		34.524112		40.632102		41.613999		0.114262
3171.4176		36.394236		42.130389		42.678198		0.11863
588.6288		31.538787		37.171315		38.035087		0.966781
1635.6912		32.704273		38.101986		39.242136		0.25124
    1489.39008		36.794217		39.737572		41.322318		0.027794
375.4368		35.886686		41.857312		42.711023		0.098614
36.72		39.62585		38.898176		41.573509		0.826679
83.0112		40.942007		40.335401		43.602833		0.203164
53919.696		29.65202		35.180644		33.789532		0.008131
1251.96672		32.567144		37.435899		39.214052		0.03351
2201.416		28.173113		34.882652		35.070888		0.124671
8342.6304		33.335204		39.935661		40.780209		0.013535
307.1952		30.411544		35.862623		35.93174		0.475842
1063.9152		30.611254		36.419588		37.347375		0.118907
697.0704		30.655579		37.433402		36.630013		0.10064
180.1312		40.141004		44.060968		45.487757		0.094488
4858.9056		32.078528		39.848413		39.533409		0.018319
1659.7056		35.76097		40.748523		41.356665		0.027535
2213.5584		33.591683		36.922312		39.263087		0.01847
380.1984		36.099067		42.592097		42.899738		0.10136
617.6544		35.537239		44.353298		42.302936		0.0952
422.1024		36.007604		43.651353		43.567821		0.09612

];
hm_test_IP8=[
    1340.064		29.094387		35.123989		34.67505		0.272692
1537.304		28.765883		34.359818		34.190462		0.265189
2927.952		32.671023		39.491298		38.937897		0.05479
355.208		28.682324		35.838108		35.488486		1.129178
536.648		26.574033		33.779127		34.793032		1.061729
2313.456		27.415553		35.914413		36.131812		0.263183
1356.24		24.264951		36.709794		36.627113		0.959546
10615.344		27.360254		36.50498		38.569232		0.051727
5894.128		29.395681		36.216724		37.059628		0.05391
3407.8272		28.745653		36.440231		35.524035		0.127624
95.0592		32.197035		45.116978		42.156737		1.188721
325.0944		32.571397		44.342326		43.477605		0.291258
3022.6368		30.707375		39.48826		40.463759		0.121832
1575.552		33.134556		40.758482		41.310905		0.125709
285.096		28.053069		35.728402		36.638359		1.091036
751.3152		29.313533		36.876148		37.942473		0.267384
    621.74976		33.431676		38.782197		40.537678		0.033802
180.0672		32.306493		40.466907		41.321028		0.104864
20.4		36.550707		37.230614		39.873218		0.884971
46.3584		38.533439		38.912059		41.954312		0.224187
4327.7952		26.379606		34.050635		32.670596		0.016579
407.37408		29.554099		36.417842		38.64878		0.03943
708.792		24.34273		33.652116		33.759594		0.166133
4251.312		30.010368		38.685678		39.818445		0.015398
131.1072		27.370142		34.340611		34.228664		0.621002
375.4704		27.399632		35.259514		36.034381		0.149528
390.8256		25.292973		36.384826		35.429167		0.103692
103.8336		35.601132		42.326352		43.404786		0.096317
1535.1456		28.271138		39.444699		39.256615		0.021005
766.6752		33.02331		39.700288		40.358076		0.03104
888.2112		30.084492		35.809684		38.253778		0.020724
171.6864		32.465328		41.294181		41.425459		0.107233
273.1392		31.585378		43.311437		40.852011		0.103131
192.1152		32.776366		42.222409		42.085974		0.10325

];
hm_test_IP9=[
    520.192		26.157513		32.465355		31.764009		0.28736
586.256		25.634247		31.241333		30.957105		0.290227
1312.832		29.772046		36.939984		35.954088		0.058024
134.32		25.839233		33.259962		32.576348		1.206651
185.072		24.032987		31.247796		32.3452		1.133967
870.4416		24.330958		33.6533		33.67456		0.280607
504.4704		20.684545		35.116581		34.213215		1.072041
3832.3488		24.183822		35.129794		36.837589		0.055693
2237.336		26.645921		34.311936		34.252219		0.05567
1452.7248		24.102355		33.522542		31.488216		0.140285
37.8288		29.344422		44.313427		39.285236		1.198523
108.7536		29.570542		43.321553		40.511566		0.303551
1249.3152		27.16117		36.866043		37.480869		0.125089
781.5648		30.124291		37.58345		38.203372		0.127675
124.1952		24.798742		32.823566		34.409842		1.142857
316.368		26.021874		34.176878		35.219082		0.287335
    212.59776		30.074169		36.828243		38.788275		0.039108
81.7632		28.843309		37.561208		37.713436		0.110069
10.8864		33.594751		33.722608		36.725488		0.960966
23.2992		35.700148		36.088836		38.902779		0.235418
1076.8224		23.959576		31.758155		30.521118		0.020995
115.488		27.087154		34.779122		37.49585		0.044179
165.264		21.519936		31.34105		31.329249		0.202896
1999.2624		26.456946		36.24834		37.646104		0.017163
51.5808		24.507133		31.430374		30.768542		0.748727
141.3984		25.30762		32.758402		32.865404		0.187323
141.816		20.198476		34.262734		33.15334		0.105012
52.9056		31.609724		38.656789		39.696775		0.102248
447.2544		25.229037		37.959356		37.750841		0.022106
338.42688		30.255316		37.424393		38.322023		0.035893
331.3344		26.817331		33.915151		36.335311		0.022502
76.992		28.904736		38.634167		38.015105		0.110533
104.256		27.890789		40.293013		38.449501		0.105483
90.336		29.579187		38.821885		38.438355		0.105175

];

