hm_test_I=[
12414.704	38.897463	41.395732	41.58829	0.182787
12840.144	39.157453	41.313368	41.575994	0.178236
24658.056	39.568566	43.900492	44.88799	0.041762
3337.096	39.752818	42.253719	42.348691	0.761186
5908.352	37.843846	39.859874	41.013499	0.61849
19439.9136	39.08598	41.32951	42.196315	0.174143
9243.8976	37.88298	41.255152	41.995788	0.584378
107481.8688	38.544676	40.989853	42.871814	0.032971
58228.4	38.257783	39.553795	42.148483	0.035537
16021.3536	41.893637	43.793461	43.753479	0.093763
846.2496	43.891074	49.602794	49.549389	0.908331
2739.3648	44.320044	49.798009	50.497744	0.249342
20161.872	41.707929	44.917878	46.125111	0.093964
12099.8208	42.272265	46.523111	47.066807	0.100779
2330.5056	39.635449	42.185688	43.124916	0.72383
6757.0656	39.948089	42.721112	43.801361	0.195219
11420.28672	41.933545	43.027178	44.406381	0.044995
14603.664	42.535497	45.815793	46.682564	0.100627
488.6016	45.451058	43.517493	46.005957	1.031289
1216.2864	44.707868	43.764389	47.36829	0.268889
287054.8032	39.25235	38.6191	37.304855	0.014681
30818.94912	39.175821	41.071177	41.957149	0.036261
33837.184	37.508425	39.412467	39.796655	0.138338
67118.856	40.344949	43.618763	43.859416	0.018772
3373.68	38.81172	40.354466	40.994445	0.651602
11710.8576	39.153693	40.699332	41.599568	0.168814
27143.8992	42.714839	41.557161	41.697555	0.070651
2660.0704	48.566268	49.801928	50.847185	0.113501
160661.6064	39.857499	41.190962	40.655187	0.018145
12837.7728	40.664812	43.555929	44.546554	0.040553
64087.2432	40.684841	40.673842	42.641832	0.019066
13479.5616	42.639667	45.824129	46.538083	0.098517
14465.8272	42.503211	47.052473	46.134791	0.099174
13581.4368	42.066443	47.14941	47.319545	0.10002
];
hm_test_P=[
4294.896	39.095223	41.556113	41.80304	0.09106
4225.088	39.310397	41.438856	41.748144	0.091953
16381.528	39.523478	43.947335	44.976858	0.018025
925.784	39.728487	42.438349	42.424693	0.500786
2491.408	37.806638	39.952738	41.22424	0.277733
6414.672	38.876414	41.504198	42.424165	0.090686
3259.6032	37.672204	41.53193	42.196552	0.292454
73847.1168	38.539576	41.239405	43.106093	0.013908
29804.376	38.248884	39.630116	42.429821	0.016481
6324.3408	41.598136	43.75406	43.634123	0.04554
134.6688	43.786382	50.029038	49.549433	0.672133
863.6784	44.081076	50.166908	50.843187	0.081069
3173.4144	41.545307	45.049002	46.264385	0.069965
3329.7504	42.204203	46.697599	47.262381	0.064374
1130.7648	39.713664	42.450047	43.390439	0.32468
4347.9072	39.847243	42.884407	43.972032	0.077968
7027.79904	41.676451	42.853458	44.476793	0.01911
2872.5696	42.345778	45.941074	46.744647	0.070298
146.4144	45.512704	43.61439	46.267594	0.655884
434.064	44.68068	43.777343	47.669159	0.161211
259130.5344	39.084884	38.737978	37.465734	0.005156
10067.2128	39.234633	41.232565	42.324889	0.018656
13735.496	37.382168	39.506318	39.909128	0.061117
41513.9328	40.261203	44.004887	44.062373	0.008027
1651.3584	38.788708	40.640811	41.152421	0.262363
7640.88	39.08128	40.787902	41.762208	0.063891
1525.9776	42.163863	41.515382	41.563521	0.09283
489.584	48.466289	49.974404	51.007757	0.088487
95199.7632	39.468313	41.374526	40.899624	0.00722
8358.14016	40.675644	43.638312	44.647175	0.016243
18568.7616	40.635871	40.713003	42.933553	0.010716
2692.9536	42.489972	45.832173	46.62515	0.072999
4542.9024	42.300144	47.161625	46.373704	0.064125
4477.104	41.984744	47.178939	47.43247	0.060431
];
%%
hm_test_I2=[
12534.96	38.912624	41.381631	41.583213	0.204776
12956.688	39.17418	41.302326	41.574128	0.197961
24748.072	39.569145	43.915721	44.908101	0.045628
3352.624	39.756002	42.239876	42.337816	0.838588
5922.904	37.850641	39.851231	40.992094	0.691907
19513.68	39.08979	41.327536	42.191325	0.187785
9259.4016	37.882533	41.2512	42.00179	0.669048
107889.8976	38.555584	40.986209	42.860351	0.036488
58548.944	38.257984	39.575543	42.178684	0.039657
16041.1632	41.893698	43.78849	43.750167	0.101922
847.4256	43.887761	49.540138	49.500144	1.059614
2746.1328	44.319261	49.766019	50.462439	0.267563
20272.08	41.71495	44.895841	46.111251	0.103803
12180.8544	42.275724	46.513581	47.035756	0.112972
2341.1808	39.646366	42.174134	43.118192	0.81884
6808.2768	39.95878	42.712341	43.784523	0.210834
11419.08864	41.930213	43.027311	44.408764	0.049188
14701.5936	42.541621	45.805885	46.675149	0.108908
490.1232	45.419221	43.502397	46.010044	1.145738
1217.4288	44.686742	43.761813	47.402921	0.285463
287145.3216	39.252419	38.622027	37.306609	0.016319
30852.08448	39.176338	41.066594	41.946178	0.041058
33891.256	37.516334	39.40353	39.775985	0.155433
67378.2912	40.351609	43.624919	43.870089	0.020795
3381.6192	38.818306	40.329138	40.96865	0.724491
11741.7888	39.159816	40.687929	41.586501	0.187884
27180.7776	42.706961	41.570275	41.717503	0.079654
2675.0016	48.56736	49.790266	50.785155	0.121356
160756.4544	39.858603	41.188948	40.655373	0.019973
12873.14688	40.663824	43.571484	44.557547	0.048169
64450.1568	40.686445	40.705111	42.693462	0.021068
13548.0576	42.643254	45.8326	46.543826	0.10823
14555.1936	42.505678	47.0586	46.129894	0.107265
13625.664	42.065637	47.132307	47.308984	0.10976
];
hm_test_P2=[
4281.808	39.051792	41.536432	41.799547	0.137476
4225.992	39.271463	41.436338	41.766166	0.143064
16296.112	39.503778	43.956513	44.979558	0.026771
922.296	39.670791	42.344782	42.353203	0.760641
2485.84	37.76737	39.925381	41.175057	0.437285
6417.312	38.846017	41.479896	42.402076	0.141507
3258.8928	37.629733	41.533118	42.196787	0.471356
73640.5632	38.497818	41.216099	43.08383	0.021709
29563.48	38.221918	39.616868	42.417674	0.025657
6366.2352	41.582072	43.706202	43.594414	0.068019
132.984	43.713894	50.029236	49.462352	0.990727
861.0192	44.057843	50.187484	50.793413	0.220313
3157.7568	41.516293	45.026559	46.287703	0.104372
3302.3616	42.16961	46.661281	47.212555	0.095146
1137.6816	39.699123	42.409272	43.358152	0.506493
4360.1184	39.821213	42.850155	43.942601	0.119049
7014.5088	41.660814	42.847832	44.463516	0.028502
2852.4192	42.323847	45.936261	46.763807	0.099914
145.7616	45.424734	43.576244	46.242059	0.943966
433.68	44.66112	43.775161	47.65391	0.203552
259209.5424	39.076939	38.735742	37.46617	0.008285
10053.09696	39.197022	41.217847	42.315898	0.028035
13741.56	37.337826	39.508603	39.891037	0.09705
41401.9248	40.224959	43.994828	44.049699	0.012331
1649.1216	38.723553	40.589761	41.106253	0.418799
7641.8256	39.043261	40.766743	41.742215	0.100463
1530.5472	42.168404	41.499673	41.552477	0.134337
491.7504	48.434645	50.000348	50.982579	0.125926
94959.3312	39.449689	41.372015	40.889607	0.011232
8356.72704	40.658179	43.621692	44.642558	0.025882
18463.3968	40.59677	40.687831	42.91297	0.016047
2674.5696	42.476595	45.793542	46.623935	0.108055
4537.0848	42.272743	47.171832	46.351951	0.097991
4444.704	41.960951	47.151766	47.438203	0.091464
];
%%
