hm_test_A_26=[
    12414.704	38.897463	41.395732	41.58829	0.182787		4294.896	39.095223	41.556113	41.80304	0.09106
12840.144	39.157453	41.313368	41.575994	0.178236		4225.088	39.310397	41.438856	41.748144	0.091953
24658.056	39.568566	43.900492	44.88799	0.041762		16381.528	39.523478	43.947335	44.976858	0.018025
3337.096	39.752818	42.253719	42.348691	0.761186		925.784	39.728487	42.438349	42.424693	0.500786
5908.352	37.843846	39.859874	41.013499	0.61849		2491.408	37.806638	39.952738	41.22424	0.277733
19439.9136	39.08598	41.32951	42.196315	0.174143		6414.672	38.876414	41.504198	42.424165	0.090686
9243.8976	37.88298	41.255152	41.995788	0.584378		3259.6032	37.672204	41.53193	42.196552	0.292454
107481.8688	38.544676	40.989853	42.871814	0.032971		73847.1168	38.539576	41.239405	43.106093	0.013908
58228.4	38.257783	39.553795	42.148483	0.035537		29804.376	38.248884	39.630116	42.429821	0.016481
16021.3536	41.893637	43.793461	43.753479	0.093763		6324.3408	41.598136	43.75406	43.634123	0.04554
846.2496	43.891074	49.602794	49.549389	0.908331		134.6688	43.786382	50.029038	49.549433	0.672133
2739.3648	44.320044	49.798009	50.497744	0.249342		863.6784	44.081076	50.166908	50.843187	0.081069
20161.872	41.707929	44.917878	46.125111	0.093964		3173.4144	41.545307	45.049002	46.264385	0.069965
12099.8208	42.272265	46.523111	47.066807	0.100779		3329.7504	42.204203	46.697599	47.262381	0.064374
2330.5056	39.635449	42.185688	43.124916	0.72383		1130.7648	39.713664	42.450047	43.390439	0.32468
6757.0656	39.948089	42.721112	43.801361	0.195219		4347.9072	39.847243	42.884407	43.972032	0.077968
11420.28672	41.933545	43.027178	44.406381	0.044995		7027.79904	41.676451	42.853458	44.476793	0.01911
14603.664	42.535497	45.815793	46.682564	0.100627		2872.5696	42.345778	45.941074	46.744647	0.070298
488.6016	45.451058	43.517493	46.005957	1.031289		146.4144	45.512704	43.61439	46.267594	0.655884
1216.2864	44.707868	43.764389	47.36829	0.268889		434.064	44.68068	43.777343	47.669159	0.161211
287054.8032	39.25235	38.6191	37.304855	0.014681		259130.5344	39.084884	38.737978	37.465734	0.005156
30818.94912	39.175821	41.071177	41.957149	0.036261		10067.2128	39.234633	41.232565	42.324889	0.018656
33837.184	37.508425	39.412467	39.796655	0.138338		13735.496	37.382168	39.506318	39.909128	0.061117
67118.856	40.344949	43.618763	43.859416	0.018772		41513.9328	40.261203	44.004887	44.062373	0.008027
3373.68	38.81172	40.354466	40.994445	0.651602		1651.3584	38.788708	40.640811	41.152421	0.262363
11710.8576	39.153693	40.699332	41.599568	0.168814		7640.88	39.08128	40.787902	41.762208	0.063891
27143.8992	42.714839	41.557161	41.697555	0.070651		1525.9776	42.163863	41.515382	41.563521	0.09283
2660.0704	48.566268	49.801928	50.847185	0.113501		489.584	48.466289	49.974404	51.007757	0.088487
160661.6064	39.857499	41.190962	40.655187	0.018145		95199.7632	39.468313	41.374526	40.899624	0.00722
12837.7728	40.664812	43.555929	44.546554	0.040553		8358.14016	40.675644	43.638312	44.647175	0.016243
64087.2432	40.684841	40.673842	42.641832	0.019066		18568.7616	40.635871	40.713003	42.933553	0.010716
13479.5616	42.639667	45.824129	46.538083	0.098517		2692.9536	42.489972	45.832173	46.62515	0.072999
14465.8272	42.503211	47.052473	46.134791	0.099174		4542.9024	42.300144	47.161625	46.373704	0.064125
13581.4368	42.066443	47.14941	47.319545	0.10002		4477.104	41.984744	47.178939	47.43247	0.060431
];
hm_test_A_32=[
    5793.912	35.339504	38.625399	38.52564	0.220662		1844.424	35.576737	38.918172	38.821351	0.090771
6279.68	35.504046	38.311419	38.354547	0.211476		1870.8	35.706946	38.51097	38.622017	0.059733
11625.632	37.772326	42.175693	42.465714	0.048734		5673.96	37.731838	42.448059	42.758409	0.012124
1645.784	35.641919	39.267817	39.236809	0.874569		429.352	35.67241	39.61012	39.341441	0.316242
2897.376	33.514329	37.131411	38.15148	0.77861		1006.384	33.606203	37.281641	38.522234	0.167638
10554.5856	35.109559	38.972019	39.487894	0.204606		2699.2416	35.079634	39.233028	39.842972	0.062066
5397.2736	33.140066	39.188987	39.71134	0.688032		1381.9872	32.933771	39.484144	40.091253	0.175144
51062.3616	34.430439	38.814119	40.951295	0.039975		16411.7376	34.420481	39.157808	41.268797	0.010554
27805.728	35.492397	38.164918	39.996188	0.043746		6992.632	35.487034	38.19955	40.192465	0.014256
9789.1392	37.327182	40.415467	40.212338	0.10759		3259.6848	36.975159	40.690428	40.187105	0.025211
455.7408	39.632582	46.829862	46.068391	1.057172		50.304	39.573518	47.1059	46.327484	0.439205
1520.8992	40.390139	46.88414	47.332654	0.26366		284.9712	40.371597	47.554404	47.865935	0.072468
11289.0816	38.289849	42.473011	43.598975	0.102885		1062.1632	38.223258	42.759843	44.029824	0.044988
6194.3904	39.536484	44.165271	44.750001	0.113674		774.24	39.553201	44.565034	45.051174	0.05334
1199.3856	35.325475	39.331212	40.183067	0.863722		535.8528	35.561548	39.791332	40.615443	0.413497
3444.1248	36.322202	40.061334	41.182658	0.220937		1783.7904	36.402244	40.444718	41.664499	0.038484
6158.15808	39.788615	41.159188	42.42549	0.028559		3240.61056	39.60627	41.08079	42.577306	0.012461
7957.1424	39.367164	43.417189	44.378061	0.048606		876.7968	39.314726	43.692407	44.58655	0.038453
255.3216	42.484257	40.814017	43.32183	0.545149		70.8048	42.607796	40.87692	43.569838	0.259449
559.3968	42.945456	41.851842	45.09098	0.115742		174.4992	42.968079	41.928109	45.450264	0.096077
163677.792	34.623045	36.495628	35.20666	0.009166		137069.9808	34.403264	36.657343	35.329037	0.003027
14101.27104	35.695138	38.726168	39.982266	0.017859		3552.096	35.869907	38.994213	40.24725	0.015683
18610.184	32.701777	36.539714	36.747487	0.081223		5882.304	32.617371	36.760609	37.021193	0.041089
34147.6656	36.559198	41.157484	41.800955	0.01105		17142.5856	36.63668	41.693767	42.258489	0.007604
1709.3808	34.017166	37.459552	37.874916	0.32242		737.7552	34.295075	37.848251	38.13837	0.120761
6148.0512	34.647283	37.808395	39.071468	0.094047		2994.1584	34.735859	38.169883	39.268595	0.038476
19419.7584	37.259071	38.505316	38.445674	0.039272		1063.512	36.372837	38.798134	38.631266	0.051487
1575.4592	44.368661	46.354196	47.434331	0.058976		299.2512	44.337221	46.775393	47.823587	0.051194
86680.8864	35.95907	40.182765	39.752295	0.021493		23233.7376	35.70306	40.345038	39.881042	0.009385
5998.33344	38.291644	41.834949	42.502891	0.049877		3662.04672	38.386195	42.058465	42.779257	0.023201
32629.1232	37.038803	38.313974	40.390233	0.022546		5841.864	37.152199	38.533186	40.788385	0.015021
7303.4688	39.530204	43.827264	44.319245	0.11059		895.0752	39.530261	44.097172	44.618224	0.091367
8149.7376	39.246208	45.349424	43.57134	0.109306		1465.6128	39.222692	45.770986	44.069372	0.08304
6743.7984	39.02312	45.005929	44.955005	0.111609		1117.9008	39.056561	45.33811	45.314577	0.082798

];
