hm_test_baseline=[
    12414.704	38.897463	41.395732	41.58829	4294.896	39.095223	41.556113	41.80304
12840.144	39.157453	41.313368	41.575994	4225.088	39.310397	41.438856	41.748144
24658.056	39.568566	43.900492	44.88799	16381.528	39.523478	43.947335	44.976858
3337.096	39.752818	42.253719	42.348691	925.784	39.728487	42.438349	42.424693
5908.352	37.843846	39.859874	41.013499	2491.408	37.806638	39.952738	41.22424
19439.9136	39.08598	41.32951	42.196315	6414.672	38.876414	41.504198	42.424165
9243.8976	37.88298	41.255152	41.995788	3259.6032	37.672204	41.53193	42.196552
107481.8688	38.544676	40.989853	42.871814	73847.1168	38.539576	41.239405	43.106093
58228.4	38.257783	39.553795	42.148483	29804.376	38.248884	39.630116	42.429821
16021.3536	41.893637	43.793461	43.753479	6324.3408	41.598136	43.75406	43.634123
846.2496	43.891074	49.602794	49.549389	134.6688	43.786382	50.029038	49.549433
2739.3648	44.320044	49.798009	50.497744	863.6784	44.081076	50.166908	50.843187
20161.872	41.707929	44.917878	46.125111	3173.4144	41.545307	45.049002	46.264385
12099.8208	42.272265	46.523111	47.066807	3329.7504	42.204203	46.697599	47.262381
2330.5056	39.635449	42.185688	43.124916	1130.7648	39.713664	42.450047	43.390439
6757.0656	39.948089	42.721112	43.801361	4347.9072	39.847243	42.884407	43.972032
11420.28672	41.933545	43.027178	44.406381	7027.79904	41.676451	42.853458	44.476793
14603.664	42.535497	45.815793	46.682564	2872.5696	42.345778	45.941074	46.744647
488.6016	45.451058	43.517493	46.005957	146.4144	45.512704	43.61439	46.267594
1216.2864	44.707868	43.764389	47.36829	434.064	44.68068	43.777343	47.669159
287054.8032	39.25235	38.6191	37.304855	259130.5344	39.084884	38.737978	37.465734
30818.94912	39.175821	41.071177	41.957149	10067.2128	39.234633	41.232565	42.324889
33837.184	37.508425	39.412467	39.796655	13735.496	37.382168	39.506318	39.909128
67118.856	40.344949	43.618763	43.859416	41513.9328	40.261203	44.004887	44.062373
3373.68	38.81172	40.354466	40.994445	1651.3584	38.788708	40.640811	41.152421
11710.8576	39.153693	40.699332	41.599568	7640.88	39.08128	40.787902	41.762208
27143.8992	42.714839	41.557161	41.697555	1525.9776	42.163863	41.515382	41.563521
2660.0704	48.566268	49.801928	50.847185	489.584	48.466289	49.974404	51.007757
160661.6064	39.857499	41.190962	40.655187	95199.7632	39.468313	41.374526	40.899624
12837.7728	40.664812	43.555929	44.546554	8358.14016	40.675644	43.638312	44.647175
64087.2432	40.684841	40.673842	42.641832	18568.7616	40.635871	40.713003	42.933553
13479.5616	42.639667	45.824129	46.538083	2692.9536	42.489972	45.832173	46.62515
14465.8272	42.503211	47.052473	46.134791	4542.9024	42.300144	47.161625	46.373704
13581.4368	42.066443	47.14941	47.319545	4477.104	41.984744	47.178939	47.43247
];
hm_test_rc1=[
    1000.44	27.93252	34.019857	33.306862			1001.424	33.159609	37.950591	37.488008
999.744	27.043521	32.52402	32.294714			1001.304	33.318087	37.689429	37.523516
1001.144	28.490262	35.804327	34.856886			1000.136	32.506044	39.631806	38.71747
999.408	32.964242	37.490054	37.232369			1001.056	41.379162	44.089305	43.655249
1000.064	28.21862	34.446635	35.47204			999.424	33.183741	38.097908	39.536662
999.2256	24.382736	33.590594	33.661503			1057.7088	30.484091	38.058984	37.8556
1000.176	21.971908	35.816655	34.958022			1007.5296	30.992231	41.893089	42.52738
1350.5664	21.483834	33.809676	35.057697			1478.784	29.413554	37.433694	39.610329
1044.096	24.364857	32.293908	31.560272			1146.24	29.592914	36.398312	37.203689
1000.1568	22.416625	32.757658	30.879238			1013.7552	30.473134	38.469401	38.181894
1003.0032	45.172939	50.592443	50.761929			647.4336	50.068166	55.80308	56.377107
1000.7952	37.883759	45.36226	45.506387			1000.5456	44.825022	51.394407	52.12046
1000.0704	25.98761	35.846094	36.58249			1001.1648	38.808427	43.217568	44.410524
1000.3488	30.916243	38.473474	38.803663			996.7968	40.252367	45.22906	45.813892
997.152	33.922971	38.306366	39.100328			998.3136	38.873014	42.086185	43.019898
997.9776	30.418437	37.038833	38.097009			1000.872	33.668055	39.272132	40.496592
1000.15872	31.551882	37.660677	39.661744			1000.66944	34.911366	39.533857	41.385723
999.8976	28.081381	36.512919	37.235462			994.1184	40.049613	44.306192	45.276378
1060.5168	48.52621	46.999731	49.486884			747.576	50.173063	48.800553	51.552303
1036.9248	44.408235	43.579872	47.237203			1098.9072	45.850908	45.717759	49.575401
4282.0992	20.168764	28.872702	27.862324			2578.0224	24.865415	33.926092	32.511281
1000.02048	27.661978	35.166517	37.840634			1080.86784	31.342646	37.625369	39.50009
1000.128	21.2822	30.88784	30.73692			1166.672	24.750261	33.705583	33.769466
2003.5968	22.487977	33.722713	34.553935			1634.8176	24.082626	37.157343	38.615
1000.8816	30.753703	35.637089	35.754631			1000.1664	35.735707	39.055047	39.201666
999.8544	27.127261	34.544905	35.170031			1000.4256	29.688086	36.389527	37.19851
999.5856	17.511705	32.681496	32.012541			1386.5664	38.611342	40.530984	40.097814
999.9488	40.269574	43.940376	45.236147			812.2752	51.520046	52.986343	53.903823
999.1872	23.629796	36.113463	36.463284			1604.3424	28.471528	39.169513	39.10857
1000.45056	32.080713	38.817368	39.569674			1000.50432	33.453158	39.98193	40.445498
1248.5568	23.876697	31.998752	34.175304			1171.1952	31.165925	36.471638	38.72063
1000.4832	29.030152	38.565307	38.111036			996	40.205287	44.64057	45.145743
998.928	28.804029	41.014786	39.075607			998.0352	38.42266	45.719085	44.276032
1000.9632	30.364955	39.790784	39.354268			1002.5664	39.248878	45.671422	45.732323
];
