hm_test_B_26=[
    12414.704	38.873415	41.321341	41.515781	0.13832		4336.528	39.032589	41.529347	41.785733	0.068526
12840.144	39.131378	41.263448	41.520918	0.125766		4270.64	39.253065	41.41052	41.752879	0.059681
24658.056	39.518368	43.802539	44.744399	0.031659		16920.376	39.447917	43.921788	44.928203	0.012986
3337.096	39.683173	42.180505	42.267408	0.494169		931.488	39.619738	42.36581	42.404682	0.254884
5908.352	37.814758	39.693441	40.7971	0.401397		2512.968	37.753835	39.886953	41.167395	0.166935
19439.9136	39.02873	41.203371	42.02685	0.108326		6523.4976	38.788184	41.437221	42.333884	0.041386
9243.8976	37.886286	41.196953	41.894813	0.290165		3264.5568	37.65719	41.558216	42.190219	0.191995
107481.8688	38.545518	40.967522	42.821468	0.02203		74287.3056	38.524516	41.250698	43.102379	0.010054
58228.4	38.239046	39.506218	41.990473	0.026673		30896.088	38.205077	39.619975	42.363345	0.01177
16021.3536	41.824193	43.665877	43.685794	0.043429		6378.9312	41.483813	43.653978	43.584886	0.032237
846.2496	43.784321	49.459252	49.439757	0.55742		134.832	43.656121	49.803486	49.59325	0.340574
2739.3648	44.234403	49.702347	50.29087	0.168586		873.8064	43.977488	50.153054	50.814653	0.09575
20161.872	41.587067	44.689516	45.81873	0.065434		3346.3104	41.397077	44.897097	46.089791	0.047623
12099.8208	42.190093	46.306098	46.811339	0.044503		3518.6208	42.070515	46.609649	47.164048	0.046029
2330.5056	39.549547	42.015358	42.938761	0.40805		1139.232	39.573818	42.379604	43.340661	0.183676
6757.0656	39.847653	42.56005	43.628748	0.119107		4436.8704	39.666097	42.82253	43.885649	0.05142
11420.28672	41.756361	42.810464	44.20552	0.029097		7476.288	41.435384	42.79704	44.407683	0.0139
14603.664	42.430959	45.595885	46.402878	0.068486		3020.6112	42.196934	45.816563	46.586099	0.045465
488.6016	45.345808	43.219912	45.764383	0.457947		149.76	45.37568	43.499778	46.126675	0.293618
1216.2864	44.64277	43.557877	47.161221	0.106314		449.7408	44.587113	43.733465	47.594222	0.068082
287054.8032	39.213477	38.526852	37.262037	0.010631		260312.8512	39.066239	38.683933	37.440432	0.005171
30818.94912	39.131274	40.938793	41.877595	0.017896		10276.58496	39.123092	41.21893	42.318466	0.027187
33837.184	37.499612	39.342499	39.696411	0.081155		13782.44	37.358666	39.462536	39.861964	0.089208
67118.856	40.222187	43.383671	43.684958	0.009091		42908.5488	40.062669	43.910723	43.991608	0.011637
3373.68	38.752768	40.162154	40.780189	0.309197		1663.0848	38.6612	40.563344	41.065826	0.388175
11710.8576	39.091202	40.533096	41.375834	0.099326		7748.4576	38.969715	40.726885	41.670685	0.093049
27143.8992	42.656465	41.594414	41.73354	0.049442		1523.8032	42.104713	41.50131	41.546314	0.136972
2660.0704	48.477186	49.547271	50.610963	0.083303		489.3728	48.384547	49.813031	50.837742	0.129042
160661.6064	39.789059	41.175186	40.657384	0.016552		96817.5552	39.386557	41.372184	40.902396	0.010585
12837.7728	40.589457	43.415543	44.431673	0.043854		8515.99872	40.562851	43.537887	44.565234	0.026862
64087.2432	40.55071	40.579658	42.527943	0.023915		19040.1984	40.448421	40.708254	42.922186	0.015554
13479.5616	42.500879	45.61189	46.27837	0.142306		2812.8288	42.318857	45.750703	46.491818	0.106251
14465.8272	42.407556	46.874705	45.902162	0.143151		4660.464	42.178372	47.096689	46.273967	0.094891
13581.4368	41.961637	46.892378	47.044619	0.145247		4775.1168	41.82553	47.073003	47.289579	0.089208

];
hm_test_B_32=[
    5793.912	35.236105	38.478669	38.381523	0.134146		1894.064	35.42916	38.867713	38.793939	0.075623
6279.68	35.398846	38.176015	38.216758	0.139506		1916.72	35.561545	38.465104	38.604136	0.084524
11625.632	37.619848	42.011128	42.258893	0.036685		5887.896	37.495196	42.387694	42.675647	0.017404
1645.784	35.546428	39.11739	39.076921	0.437805		433.168	35.515668	39.615099	39.304549	0.327358
2897.376	33.423259	36.880018	37.870406	0.373692		1018.136	33.485706	37.234251	38.438165	0.206784
10554.5856	34.991283	38.744967	39.2204	0.131299		2756.6688	34.9152	39.138196	39.702203	0.075162
5397.2736	33.118405	39.043672	39.521657	0.3803		1382.1696	32.908884	39.462078	40.036102	0.162451
51062.3616	34.374405	38.716465	40.843631	0.029068		16840.1088	34.325319	39.155783	41.260342	0.016392
27805.728	35.380908	38.043926	39.748687	0.031887		7279.168	35.322717	38.141133	40.089958	0.019414
9789.1392	37.232913	40.234345	40.055128	0.075887		3301.3296	36.843862	40.567365	40.095927	0.036825
455.7408	39.472846	46.707967	45.873735	0.541964		51.2736	39.463332	46.975278	46.270886	0.354241
1520.8992	40.254564	46.739956	47.053681	0.157262		290.5536	40.218529	47.535114	47.855655	0.110821
11289.0816	38.054781	42.193647	43.25809	0.073502		1104.2016	37.9792	42.586714	43.806749	0.062558
6194.3904	39.369341	43.867816	44.418257	0.076912		806.3136	39.342175	44.4474	44.888726	0.062673
1199.3856	35.167807	39.082922	39.960907	0.435248		545.5728	35.323969	39.640992	40.598244	0.162229
3444.1248	36.136157	39.832392	40.937668	0.148745		1821.36	36.081017	40.335414	41.543865	0.067672
6158.15808	39.450081	40.944611	42.287918	0.032974		3479.66208	38.990709	41.069853	42.549112	0.010979
7957.1424	39.181281	43.138958	44.040294	0.068561		910.992	39.086924	43.563627	44.401666	0.058755
255.3216	42.277062	40.460913	43.02581	0.501912		71.376	42.323468	40.768872	43.48741	0.37859
559.3968	42.783916	41.586442	44.835607	0.140844		180.456	42.761432	41.864386	45.395056	0.084039
163677.792	34.469254	36.331065	35.079259	0.008956		138443.7504	34.282054	36.587741	35.262255	0.004755
14101.27104	35.558491	38.560383	39.895956	0.019975		3667.66464	35.65808	38.977817	40.237738	0.026057
18610.184	32.652134	36.386257	36.56543	0.097202		5924.208	32.556189	36.714328	36.965927	0.091461
34147.6656	36.336839	40.871444	41.582033	0.013993		17785.4448	36.244537	41.586042	42.175051	0.014699
1709.3808	33.917858	37.196799	37.568499	0.34427		750.0288	34.078737	37.754969	38.033612	0.51291
6148.0512	34.543947	37.592194	38.75808	0.09722		3050.1696	34.519481	38.07928	39.154027	0.126436
19419.7584	37.203063	38.459439	38.369958	0.051638		1064.9424	36.319525	38.773102	38.581858	0.143055
1575.4592	44.249884	46.033196	47.151796	0.075321		299.3568	44.211252	46.45813	47.671052	0.133604
86680.8864	35.793401	40.157088	39.739629	0.015285		24773.424	35.376527	40.339023	39.877936	0.016361
5998.33344	38.114832	41.647818	42.356104	0.037892		3747.23328	38.131305	41.926954	42.663415	0.033663
32629.1232	36.798045	38.158396	40.238927	0.019958		6022.0608	36.859202	38.508729	40.768447	0.021927
7303.4688	39.281408	43.573129	44.004847	0.108568		931.2	39.235932	43.968172	44.487275	0.132801
8149.7376	39.063857	45.179846	43.341496	0.110059		1524.0672	38.962346	45.692541	43.979443	0.121823
6743.7984	38.826502	44.731785	44.650564	0.106219		1174.5696	38.76824	45.209579	45.177713	0.12063

];
