rdoq=[
  1853.864	35.837953	39.289058	39.347231	0.103921
1878.36	35.983341	38.971787	39.172232	0.104921
5651.488	37.897399	42.552446	42.933599	0.020701
428.872	35.832208	39.786107	39.605117	0.510454
995.072	33.728654	37.419963	38.72904	0.333
2689.8336	35.275365	39.402195	40.059576	0.102492
1360.6656	33.121961	39.560036	40.220327	0.329881
15323.2896	34.660129	39.219405	41.372561	0.018572
6867.024	35.648237	38.311592	40.417028	0.022657
3211.9056	37.669691	40.978743	40.902066	0.047429
51.9456	39.746332	47.172312	46.489226	0.714
288.6864	40.610632	47.657791	48.100946	0.158075
1072.1856	38.478465	42.930524	44.209899	0.0756
782.1792	39.775146	44.760423	45.250484	0.074457
537.1776	35.717566	39.882979	40.76707	0.349944
1782.2112	36.568598	40.581952	41.776094	0.085799
3172.58496	39.891216	41.204251	42.637807	0.019578
882.3936	39.560601	43.840935	44.764944	0.074408
72.1824	42.775387	41.113041	43.822732	0.616728
178.3392	43.106405	42.06994	45.611995	0.156638
134190.5664	34.596324	36.725125	35.368616	0.005656
3478.21056	36.033645	39.035534	40.294694	0.033114
5832.44	32.742262	36.911031	37.176141	0.124587
16928.1504	36.868888	41.820136	42.3633	0.016324
730.1568	34.459024	38.049138	38.428787	0.519389
2937.672	34.909471	38.318166	39.563949	0.127639
1095.0576	38.143404	38.943846	38.854549	0.145022
302.8224	45.029105	47.241346	48.37834	0.135581
21228.0192	36.001715	40.36513	39.902473	0.017304
3662.79552	38.49069	42.097797	42.803676	0.033185
5805.9744	37.381115	38.602782	40.863453	0.022053
898.9056	39.78494	44.200604	44.78732	0.134128
1470.1728	39.505252	45.877494	44.150354	0.122119
1096.1472	39.310931	45.448642	45.472569	0.12292
];
rdoq_=[
1800.44	35.769522	39.327755	39.396793	0.145055
1818.424	35.915197	39.051978	39.238065	0.141288
5517.736	37.768059	42.434337	42.785947	0.027792
414.632	35.756768	39.811475	39.601594	0.873805
955.832	33.461167	37.283158	38.475252	0.488439
2605.0944	35.070992	39.382869	39.999095	0.14192
1244.736	32.689656	39.555858	40.086975	0.49264
13456.6656	34.428052	39.203899	41.300174	0.026855
6672.176	35.549648	38.30007	40.388715	0.030493
3060.792	37.253945	40.918612	40.754316	0.071295
50.6448	39.707875	47.389665	46.952575	0.995381
273.4176	40.423555	47.664979	48.009991	0.251699
1068.8928	38.481864	42.938222	44.245017	0.096077
771.4848	39.752737	44.794776	45.251013	0.093167
515.9328	35.342863	39.727966	40.572689	0.471409
1699.896	36.207766	40.360053	41.563179	0.113851
3032.4864	39.516883	41.07173	42.526758	0.025358
870.5472	39.544026	43.900293	44.75006	0.103241
72.648	42.84514	41.200419	43.909624	0.967736
177.2736	43.096381	42.100308	45.556149	0.290161
114551.4144	33.163303	36.731557	35.327637	0.009808
3362.784	35.894138	38.952161	40.22354	0.042603
5480.008	32.364393	36.812615	37.074109	0.161984
16353.1392	36.593485	41.64019	42.209811	0.018719
694.56	34.087044	37.783543	38.143413	0.418971
2678.8464	34.445087	38.081503	39.287179	0.100841
1121.9088	37.909421	39.225873	39.047482	0.104514
310.5696	44.644328	46.823616	48.146601	0.093772
17346.9792	35.745649	40.36428	39.915338	0.019066
3600.80256	38.224922	41.951268	42.642256	0.024365
5569.584	37.299403	38.558033	40.793524	0.023994
881.0784	39.802581	44.170142	44.749935	0.144596
1420.6176	39.42524	45.760099	44.197992	0.140619
1069.8816	39.294104	45.397787	45.525253	0.141041 
];
diff=rdoq_-rdoq;
diff_per=(rdoq_-rdoq)./rdoq*100;