rdoq=[
    999.656	33.697652	38.4901	38.096026	0.239102
999.344	33.726074	38.155305	38.040469	0.244035
999.984	32.448519	39.59073	38.787423	0.052428
994.552	41.326971	44.07463	43.594993	0.721074
997.072	33.293632	38.113354	39.566685	0.624422
1004.7072	29.788501	37.696362	37.269595	0.281598
999.6384	31.765037	41.759396	42.405662	0.768439
1473.3888	29.376312	37.436048	39.615827	0.060953
1121.296	29.149729	36.260265	36.919954	0.061318
999.9504	30.832636	38.965769	38.535805	0.129543
657.5616	50.095474	55.837265	56.464432	0.626253
995.4768	44.725929	51.434335	52.158337	0.212318
1001.232	38.757659	43.142054	44.36822	0.136552
998.7552	40.245574	45.216025	45.803629	0.118324
993.3504	38.857371	41.953361	42.939573	0.487477
997.1712	33.660965	39.191977	40.477056	0.179933
1000.03584	34.699621	39.528727	41.386671	0.04585
995.52	40.056973	44.281274	45.292312	0.087812
837.5952	50.443619	49.066177	51.76685	0.392422
1020.1584	45.789077	45.526785	49.522597	0.131604
2549.3952	24.51568	33.853809	32.402271	0.028973
1073.57952	30.936775	37.518297	39.421746	0.055415
1142.312	24.401042	33.128263	33.37151	0.304674
1432.3536	22.94452	36.820148	38.243286	0.027443
999.6144	35.663313	38.949191	39.068701	0.437086
999.7296	29.696648	36.400821	37.181334	0.18376
1375.3968	37.896508	40.459178	39.944706	0.139896
769.52	50.700472	52.126746	53.302643	0.101567
1582.7424	27.947207	39.161975	39.080699	0.033154
998.89152	33.383162	39.886948	40.423517	0.046536
1170.648	30.910048	36.436896	38.687301	0.034007
996.384	40.189296	44.635981	45.129616	0.138236
991.9872	38.29191	45.703752	44.330658	0.14157
999.456	39.210131	45.639329	45.680391	0.132329

    ];
rdoq_=[
    999.568	32.787289	37.981794	37.573951	0.211532
1000.024	33.081642	37.787941	37.603502	0.191533
1000.104	32.003641	39.488688	38.55925	0.040358
994.328	41.163412	44.126569	43.592516	0.856531
999.144	32.98763	38.089764	39.495791	0.6599
1061.3568	29.596649	37.755544	37.279766	0.218036
999.3696	31.587621	41.96584	42.578887	0.669416
1464.7968	28.249503	37.772679	39.81133	0.044818
1164.992	28.778274	36.296574	36.918278	0.046425
999.9984	30.322782	38.816367	38.363818	0.104208
646.6656	49.950614	56.013391	56.565066	0.745379
996.0672	44.620859	51.650503	52.420322	0.239492
1000.512	38.696386	43.502877	44.619716	0.109656
998.5728	40.283309	45.543877	46.060725	0.093734
993.1488	38.601967	41.891344	42.909513	0.410914
997.608	33.371734	39.170313	40.412999	0.139572
1000.00512	34.378506	39.558748	41.457307	0.033612
997.488	40.065017	44.591777	45.429606	0.13956
826.8528	50.324666	49.035187	51.73885	0.787687
1013.5296	45.682485	45.394676	49.459761	0.244293
3182.5728	24.343757	34.176493	32.719316	0.025224
1122.05952	30.762061	37.596318	39.545404	0.071405
1158.512	23.627089	32.3198	32.566244	0.404495
1511.6112	22.487163	37.010029	38.288411	0.03596
999.984	35.475084	38.879449	39.00783	0.471409
999.6576	29.437007	36.313775	37.042771	0.149786
1432.9248	37.115008	41.249972	40.396301	0.10923
796.5728	50.307693	51.450093	52.870667	0.082549
1803.2256	27.947772	39.371073	39.168832	0.025684
999.62112	33.001903	39.7591	40.269219	0.055611
1283.0928	30.706706	36.772699	38.934507	0.039837
997.6224	40.268141	44.884022	45.494015	0.153092
995.2224	38.172625	45.929736	44.93092	0.145688
999.6384	39.187502	45.784505	46.027574	0.144408
];
diff=rdoq_-rdoq;
diff_per=(rdoq_-rdoq)./rdoq*100;