basketballpass=[
    35	34.0503	35	34.0503	35	34.0503	35	34.0503
35	33.109	35	33.109	35	33.109	35	33.109
37	33.3961	37	33.3961	39	32.9525	39	32.9525
39	32.1887	39	32.1887	43	31.5158	43	31.5158
41	32.5189	41	32.5189	44	31.7344	47	31.2135
41	31.5717	42	31.4884	43	30.9167	47	29.9437
40	32.4103	41	32.1767	42	31.7726	46	30.7912
40	31.5092	40	31.4148	41	31.0402	45	29.9508
39	32.5448	39	32.5132	40	32.2127	44	30.9343
39	31.6923	39	31.722	39	31.5689	42	30.3965
38	32.8289	38	32.7576	38	32.7635	38	32.7618
38	31.9081	38	31.916	38	31.9704	37	32.0587
37	32.9873	37	33.0195	37	32.9577	33	34.3911
38	32.2622	38	32.2271	38	32.3497	37	33.4316
37	32.8949	37	33.0056	36	33.2475	41	32.9339
37	32.3615	37	32.391	37	32.6246	39	32.1952
37	32.9137	36	33.2258	36	33.2398	35	33.8758
37	32.2375	37	32.435	36	32.5803	36	33.0647
36	33.1671	36	33.1986	35	33.5445	32	34.8571
36	32.5282	36	32.5692	36	32.8185	36	33.8877
36	33.2168	36	33.2355	35	33.5902	40	33.4229
36	32.5683	36	32.5892	35	33.0022	39	32.4567
36	33.2204	35	33.517	34	33.8854	35	34.1148
36	32.5939	36	32.8179	35	33.116	37	33.2542
36	33.2003	35	33.5169	34	33.9299	33	34.5564
36	32.5985	35	32.8887	35	33.2397	37	33.5428
35	33.5156	35	33.6219	34	33.9625	33	34.6123
35	32.8758	35	32.9909	35	33.2106	37	33.5075
35	33.5756	35	33.6253	34	33.9848	33	34.6338
35	33.0098	35	33.0612	34	33.3581	37	33.6115
35	33.6213	34	33.9899	33	34.4322	33	34.7022
35	32.9372	35	33.2047	35	33.4941	37	33.4132
35	33.6206	34	33.9866	34	34.1936	33	34.6633
35	32.8892	35	33.115	35	33.2623	37	33.3778
35	33.6778	34	34.0867	34	34.286	33	34.6518
35	32.9291	35	33.1788	35	33.3496	37	33.4044
35	33.7087	34	34.1246	34	34.2922	35	34.2211
35	32.8531	35	33.2083	35	33.2957	37	32.9283
35	33.6654	34	34.0327	34	34.1751	33	34.6218
35	32.7753	35	33.1002	35	33.1423	37	33.0775
35	33.6544	34	34.0998	34	34.154	36	33.9223
35	32.7785	35	33.0591	35	33.1197	38	32.7068
35	33.7346	35	33.8501	35	33.8938	34	34.3875
35	32.9301	35	33.0339	35	33.0805	38	33.0408
35	33.7632	35	33.9029	35	33.9491	36	33.8782
35	32.9359	35	33.0564	35	33.1532	38	32.5826
35	33.8162	35	33.9028	35	33.9723	34	34.4086
35	32.9675	35	33.055	36	32.9218	38	32.7405
35	33.9871	35	34.0364	35	34.0917	36	34.0661
35	33.1844	35	33.2101	36	33.0431	40	32.3411
35	34.2536	35	34.3018	35	34.355	36	34.183
35	33.1533	36	33.0091	36	33.1665	40	32.2738
35	34.9382	35	34.9382	36	34.3751	35	34.9382
36	33.5857	37	33.3102	39	32.5348	42	32.4417
36	34.5019	37	34.1449	39	33.3355	42	32.7052
36	33.2374	37	32.9554	39	32.1115	42	31.2417
36	34.6023	37	34.2948	38	33.6394	42	32.2183
36	33.291	37	32.9861	39	32.1556	42	30.9273
36	35.0292	37	34.6257	38	34.0254	42	32.1819
36	33.8918	37	33.4046	39	32.6163	42	30.9501
36	35.2609	37	34.9	38	34.244	41	32.6915
36	34.0023	37	33.5619	38	33.0837	41	31.5803
36	35.3179	37	34.8932	38	34.3936	39	33.7672
37	33.8033	37	33.4957	38	32.976	40	32.2714
36	35.3911	37	34.8737	38	34.3327	36	35.1139
37	33.7205	37	33.4823	38	33.0073	40	32.9545
36	35.1679	37	34.6607	38	34.0333	38	34.2485
37	33.2923	38	32.9241	38	32.6814	40	32.2571
37	34.648	37	34.5767	38	33.866	38	34.1154
37	33.2594	38	33.0154	38	32.5681	39	32.538
37	34.4692	37	34.4455	38	33.7911	35	35.4066
37	32.734	38	32.5098	38	32.1851	39	32.6809
37	33.8891	38	33.434	38	33.2994	41	32.554
37	31.9509	38	31.4135	38	31.4091	41	30.2264
37	33.2246	38	32.6615	38	32.5316	39	32.2268
37	31.1188	38	30.4837	39	30.3051	43	29.4528
37	32.5399	38	31.9535	39	31.3481	41	30.5079
38	30.107	39	29.773	40	29.1801	43	28.3193
38	31.5773	39	30.9733	39	30.8425	41	29.874
38	30.0297	39	29.5008	40	29.1165	43	28.1733
38	31.4198	39	30.929	40	30.404	41	29.8104
38	30.0631	40	29.3203	41	28.7267	44	27.9665
38	31.4218	39	30.9386	40	30.3529	42	29.5199
39	29.8902	40	29.3821	41	28.7953	44	27.6948
39	30.9384	40	30.4884	41	29.8837	42	29.4645
39	29.687	40	29.1428	41	28.6517	43	28.118
39	31.0072	40	30.4949	41	29.9979	41	29.8457
39	29.8441	40	29.3228	41	28.7995	43	28.4137
39	31.0263	40	30.5875	41	29.9793	41	29.9167
39	29.8216	40	29.4921	41	29.009	43	28.4277
39	31.0814	40	30.6406	41	30.088	41	30.079
39	29.9568	40	29.5349	41	29.0831	43	28.7181
39	31.1962	40	30.6346	41	30.091	41	30.1592
39	29.9279	40	29.3883	42	28.6857	43	28.5555
39	31.1557	40	30.6835	41	30.109	41	30.2068
39	30.0396	41	29.3188	42	28.8064	42	28.7919
39	31.186	40	30.6326	41	30.1049	40	30.3825
40	30.0075	41	29.487	42	29.0449	43	29.2004
39	31.3911	40	30.7602	41	30.1346	41	30.262
40	30.3254	41	29.7744	41	29.4041	41	29.471
39	31.6981	40	31.2021	41	30.5445	39	31.4429
40	30.5064	40	30.2697	41	29.7356	42	30.1976
39	32.013	40	31.5117	41	30.8723	40	31.4257
40	30.5534	40	30.2775	41	29.622	40	30.265
39	32.4138	40	31.8377	40	31.8377	39	32.4138
40	31.0245	41	30.5269	42	30.4129	44	30.215
40	31.723	41	31.2162	41	31.2162	44	30.7773
40	30.7529	41	30.2196	41	30.2196	44	29.5622
40	31.3664	41	30.9166	41	30.9166	42	30.7455
40	30.2256	41	29.7666	41	29.7666	41	29.7496
40	31.0674	40	30.8279	41	30.5374	39	31.3686
40	29.8782	41	29.5393	41	29.3524	42	29.5661
40	30.8711	41	30.3251	41	30.336	40	30.8621
40	29.8152	41	29.2732	41	29.2581	42	29.5556
40	30.6671	41	30.1959	41	30.141	40	30.7335
40	29.5391	41	29.1097	41	29.1018	42	29.2837
40	30.6461	41	30.0343	41	30.0317	40	30.5537
40	29.4992	41	28.9518	41	29.0073	42	29.1361
40	30.476	41	29.9347	41	29.8634	40	30.4304
40	29.6764	41	28.9778	41	28.9111	42	29.1697
40	30.4663	41	29.9674	41	29.9133	40	30.5005
40	29.4814	41	29.0956	41	29.0364	42	29.2586
40	30.5733	41	30.0077	41	29.999	40	30.5226
40	29.792	41	29.2638	41	29.3351	41	29.4908
40	30.589	40	30.4444	40	30.409	39	30.9241
40	29.8937	41	29.6262	41	29.6054	41	29.9952
40	30.6671	40	30.4485	40	30.4428	39	30.9758
40	29.9724	40	29.7771	40	29.8204	40	30.2039
40	30.7194	40	30.5314	40	30.4537	36	32.4357
40	30.0158	40	29.8614	40	29.6922	40	31.2395
40	30.744	40	30.6074	39	31.0091	41	31.3841
40	29.9752	40	29.9316	40	30.1561	40	30.4754
39	31.0735	40	30.5822	39	31	38	31.8957
40	29.9447	40	29.7008	40	29.9119	40	30.6081
39	31.0438	40	30.5288	39	30.9482	38	31.858
40	29.9021	40	29.5242	40	29.7252	41	30.0752
40	30.6751	40	30.4073	39	30.8304	39	31.3948
40	29.5758	40	29.3679	40	29.6574	40	29.926
40	30.4074	40	30.1564	39	30.6535	38	31.3923
40	29.5719	40	29.3813	40	29.7453	42	29.8025
40	30.3205	40	30.1291	40	30.4271	40	30.8839
40	29.3271	40	29.1854	40	29.4672	42	29.3514
40	30.2551	40	30.0371	40	30.2071	40	30.6063
40	29.2826	40	29.0176	40	29.1474	41	29.1963
40	30.255	40	30.1544	40	30.256	39	30.9242
40	29.3234	40	29.2793	40	29.3029	42	29.405
40	30.4921	40	30.2983	40	30.4628	40	30.8222
40	29.5045	40	29.4673	40	29.5967	42	29.5155
40	30.6721	40	30.4896	40	30.5911	40	30.8804
40	29.7646	40	29.7647	40	29.7389	41	29.8623
40	30.7949	40	30.6917	39	31.0717	39	31.3476
40	30.0778	40	29.946	40	30.1601	40	30.3819
40	31.0572	40	30.9348	39	31.3731	36	32.8837
40	30.201	40	30.1518	39	30.6651	40	31.2455
39	31.6122	40	31.0817	39	31.5419	41	31.6406
40	30.518	40	30.1378	39	30.668	42	30.1533
40	32.0693	40	32.0693	40	32.0693	40	32.0693
40	31.0502	40	31.0502	40	31.0502	45	29.8413
40	31.7551	40	31.7551	40	31.7551	44	30.6096
40	30.6888	40	30.6888	40	30.6888	43	29.2856
40	31.7627	40	31.7627	40	31.7627	41	31.32
40	30.5381	40	30.5381	40	30.5381	42	29.7229
40	31.6463	40	31.6463	40	31.6463	40	31.4425
40	30.2656	40	30.2656	40	30.2656	42	29.7374
40	31.1444	40	31.1444	40	31.1444	40	31.2445
40	29.5878	40	29.5878	40	29.5878	42	29.1
40	30.6786	40	30.6786	40	30.6786	40	30.6801
40	29.0963	40	29.0963	41	28.8829	43	28.3698
40	30.4352	40	30.4352	41	29.9639	41	29.9473
40	29.1104	40	29.1104	41	28.6712	44	27.948
40	30.3268	40	30.3268	41	29.7719	42	29.4562
40	29.161	41	28.8927	41	28.6713	43	28.0453
40	30.1377	41	29.7251	41	29.597	41	29.5847
40	28.8952	41	28.5388	41	28.3661	44	27.9186
40	30.0224	41	29.5868	41	29.4868	42	29.1849
40	28.8602	41	28.4745	41	28.4551	43	27.9839
40	29.9486	41	29.5727	41	29.3519	41	29.4537
40	28.8025	41	28.4043	41	28.3406	43	28.0688
40	29.7209	41	29.3082	41	29.1642	41	29.2224
