aa=[25014.72	30	39.1129	25014.72	30	39.1129	25014.72	30	39.1129
12514.8	32	39.3056	12514.8	32	39.3056	12514.8	32	39.3056
8354.56	34	39.3607	8354.56	34	39.3607	8354.56	34	39.3607
6272.04	36	39.2845	6277.5	32	39.4716	6272.04	36	39.2845
5044.224	34	39.5053	5087.81	30	39.6443	5044.22	34	39.5053
4258.8	34	39.157	4336.12	28	39.7741	4268.96	32	39.3596
3791.931429	30	39.617	4197.7	26	40.6376	3802.63	30	39.6194
3355.23	32	39.5082	3727.74	28	40.7357	3385.41	28	39.7691
3395.2	29	39.6495	3822.88	26	40.889	3680.16	26	40.6951
3129.48	31	39.3572	3521.76	30	40.5514	3392.83	30	40.3764
3063.578182	29	39.7599	3338.95	29	40.7683	3179.13	34	39.7218
2905.62	31	39.3074	3160.9	29	40.465	2974.58	35	38.3671
2828.953846	30	39.6142	3055.92	28	40.7111	2830.8	34	38.8788
2651.16	32	39.5246	2869.3	28	40.7187	2648.59	35	38.5726
2511.328	29	39.9287	2753.09	26	41.1446	2503.23	33	39.0762
2369.46	30	39.8986	2635.68	24	41.3961	2361.36	31	39.0793
2267.774118	28	40.166	2982.24	22	43.9153	2291.07	29	40.1576
2142.4	29	40.1841	2817.63	26	43.9773	2165.63	28	40.2374
2141.28	26	41.0005	2672.16	26	44.0195	2128.24	26	40.983
2034.672	28	41.0004	2540.82	24	44.0892	2025.98	25	41.0831
1947.474286	26	41.1006	2462.9	22	44.2392	2224.83	23	43.0582
1859.749091	27	41.1224	2382.39	20	44.5082	2124.48	27	43.1011
1956.730435	24	42.3933	2753.33	18	47.29	2035.29	27	43.1533
1881.81	26	42.4209	2646.44	22	47.3135	1958.46	25	43.2195
1841.9904	24	42.543	2557.29	24	47.2259	1926.71	23	43.3427
1771.578462	26	42.5488	2459.93	22	47.2691	1882.42	21	43.632
1781.022222	23	43.1159	2378.69	20	47.3668	2204.11	19	46.4441
1718.245714	25	43.146	2296.96	18	47.439	2126.01	23	46.4795
1665.74069	23	43.2203	2456.86	16	48.8484	2053.11	27	46.469
1621.456	24	43.2281	2389.55	20	48.8017	1994.98	25	46.3415
2553.747097	27	41.7527	3485.94	24	44.5385	2915.23	27	41.7527
2482.695	26	42.0292	3386.54	24	44.8031	2829.26	29	41.9106
2424.065455	28	41.9788	3300.84	28	44.5926	2751.86	33	41.6822
2357.223529	30	42.0441	3206.96	32	44.2858	2672.84	37	41.2139
2301.339429	27	42.2742	3121.14	30	44.634	2599.36	35	41.5652
2237.746667	29	42.3313	3034.6	28	44.6379	2527.25	33	41.5653
2186.620541	26	42.503	2957.66	26	44.8843	2462.54	31	41.9237
2129.595789	28	42.5363	2881.75	24	45.0176	2398.26	29	42.0049
2097.68	25	42.7289	2848.5	22	45.3473	2352.38	27	42.3029
2050.308	27	42.7511	2794.3	20	45.5023	2301.12	25	42.4989
2014.138537	25	42.8855	2944.44	18	47.476	2343.47	23	43.4267
1978.702857	27	42.7967	2891.42	22	47.4064	2300.91	27	43.3291
1981.456744	24	43.1677	2845.89	25	47.2285	2264.79	28	43.333
1936.685455	26	43.1808	2781.29	24	47.2285	2213.54	27	43.3531
1899.04	24	43.2678	2728.12	22	47.352	2172.04	25	43.5098
1857.970435	26	43.2766	2669.96	20	47.4126	2126.7	23	43.5998
1855.434894	23	43.7378	2654.47	18	47.8016	2192.98	21	44.986
1821.435	25	43.7467	2619.64	17	47.8689	2151.95	25	44.998
1803.394286	23	43.8225	2770.13	15	49.7856	2121.39	26	44.9016
1772.7936	25	43.7828	2722.17	19	49.6754	2084.42	25	44.8685
1792.329412	22	44.2961	2682.96	22	49.5353	2060.97	23	44.9857
1762.163077	24	44.2857	2639.59	20	49.3356	2028.84	22	45.0347
1744.949434	22	44.4258	2602.16	18	49.4965	2054.69	20	45.7246
1718.324444	24	44.4272	2576.72	16	49.5751	2022.07	24	45.713
1694.221091	22	44.5342	2625.27	14	50.6087	1990.76	22	45.7983
1665.188571	23	44.5523	2579.65	18	50.6071	1957.47	20	45.8484
1681.221053	21	45.1783	2537.52	16	50.6078	2039.05	18	47.3765
1655.176552	23	45.1613	2498.32	14	50.6116	2006.9	22	47.3535
1631.918644	21	45.218	2602.47	12	52.103	1976.28	23	47.3539
1605.76	22	45.2309	2560.42	16	52.0121	1944.54	21	47.3685
2142.881311	25	43.5993	3250.06	20	48.0637	2476.1	25	43.5993
2109.956129	24	43.8845	3198.88	20	48.1303	2437.02	25	43.8504
2078.072381	26	43.8859	3148.76	24	48.1003	2398.9	29	43.8243
2046.24	27	44.0204	3099.86	28	48.0804	2361.64	33	43.7968
2019.470769	24	44.1852	3052.61	26	48.1887	2325.83	31	43.9556
1989.305455	26	44.2871	3006.59	24	48.2327	2290.68	29	43.9603
1968.680597	23	44.4184	2962.86	22	48.2827	2257.34	27	44.1069
2016.409412	25	43.6122	3025.4	20	47.6898	2300.88	25	43.4209
2073.874783	24	44.0506	3065.13	24	46.5574	2326.12	29	42.2415
2044.724571	26	44.1163	3021.65	28	46.5939	2293.1	33	42.243
2019.136901	24	44.2017	2979.79	29	46.6227	2261.42	33	42.3452
1991.94	26	44.2387	2939.08	27	46.5903	2230.56	31	42.3319
1971.406027	23	44.4127	2900.19	25	46.7287	2201.81	29	42.547
1945.491892	25	44.4475	2861.96	23	46.7981	2172.86	27	42.643
1922.6048	23	44.4928	2843.09	21	47.4501	2165.21	25	43.5482
1897.828421	25	44.5061	2810.56	19	47.62	2137.6	25	43.6293
1893.185455	22	44.8289	2833.96	17	48.6728	2133.07	23	44.1859
1869.615385	24	44.8426	2798.4	21	48.6947	2106.5	25	44.2292
1847.96962	22	44.8943	2764.66	19	48.7349	2082.97	23	44.3084
1825.428	24	44.9058	2731.34	17	48.7806	2061.71	21	44.4669
1804.044444	22	44.9333	2777.24	15	50.0159	2142.38	19	46.5584
1782.640976	23	44.9473	2744.22	19	50.0021	2116.95	23	46.577
1786.360482	21	45.3748	2712.74	18	50.0178	2091.87	27	46.5387
1765.688571	23	45.3819	2681.23	16	50.0217	2067.43	25	46.5409
1747.335529	21	45.426	2695.93	14	50.6676	2044.46	23	46.6057
1727.506047	23	45.4332	2665.15	18	50.6647	2021.5	21	46.6506
1738.496552	20	45.9616	2636.65	16	50.6191	2009.47	19	46.7976
1719.441818	22	45.9641	2608	14	50.6326	1996.21	17	46.9769
1702.667865	20	46.0216	2676.83	12	52.1833	2074.94	16	48.823
1684.245333	22	46.0176	2647.79	16	52.1691	2052.53	20	48.8278
2093.580659	23	45.2941	3145.43	19	48.8673	2436.4	24	44.4793
2071.815652	24	45.5742	3112.23	20	49.0104	2411.06	24	44.7809
2050.433548	26	45.5713	3079.36	24	48.9735	2385.81	28	44.7507
2029.194894	26	45.6971	3046.92	28	48.943	2360.73	32	44.724
2009.802947	23	45.7953	3015.33	26	48.9944	2336.28	30	44.87
1989.51	25	45.8633	2984.37	24	48.9878	2312.33	28	44.869
1971.416907	22	45.9757	2954.47	22	49.0924	2289.42	26	45.0382
1951.726531	24	46.0245	2924.87	20	49.1451	2266.77	24	45.135
1933.447273	22	46.0906	2898.81	18	49.2468	2251.96	22	45.3162
1914.6072	23	46.1244	2871.65	16	49.3415	2231.79	20	45.4397
1902.306535	21	46.2556	2924.14	14	50.7924	2295.77	18	47.4399
1884.145882	23	46.2733	2896.02	18	50.7966	2273.84	22	47.4723
1867.293204	21	46.3224	2868.58	19	50.8004	2252.21	26	47.4357
1849.894615	23	46.3251	2841.65	17	50.799	2231.02	24	47.4324
1833.289143	21	46.3592	2816.78	15	50.8391	2210.72	22	47.4999
1816.46717	22	46.3618	2791.7	13	50.8705	2190.57	20	47.5384
1812.053832	20	46.5658	2869.04	11	52.8785	2179.08	18	47.702
1795.491111	22	46.5683	2842.76	15	52.8781	2168.88	16	47.9315
1780.064587	20	46.6037	2817	18	52.8743	2203.91	16	48.9465
1764.150545	22	46.6034	2791.71	16	52.856	2184.17	20	48.9411
1748.92973	20	46.6196	2767.22	14	52.8617	2164.97	21	48.947
1733.635714	21	46.6188	2743.03	12	52.865	2146	19	48.9484
1740.664779	19	47.0852	2765.58	10	53.6284	2128.44	17	48.9994
1725.572632	21	47.0864	2741.57	14	53.6313	2110.82	15	49.0375
1711.68	19	47.1195	2718.18	12	53.6392	2191.67	13	51.3078
1696.969655	21	47.1195	2694.81	10	53.6402	2172.86	17	51.3146
1682.758974	19	47.1301	2751.84	8	55.0504	2154.35	21	51.3109
1668.532881	20	47.1302	2728.58	12	55.0503	2136.13	19	51.3107
1676.992941	18	47.6441	2705.7	14	55.0506	2118.32	17	51.3213
1663.078	20	47.6463	2683.2	12	55.0506	2100.75	15	51.3255
2006.852231	21	47.0928	3116.77	16	51.2679	2440.91	21	47.0928
1990.853115	22	47.2903	3091.79	16	51.3545	2422.15	19	47.3367
1975.385366	24	47.2818	3067.26	20	51.3184	2403.29	23	47.2987
1985.88	25	45.9827	3070.33	24	48.6616	2406.78	27	45.2555
2007.74976	23	46.4901	3072.72	28	46.4937	2409.06	31	43.3434
1992.542857	25	46.6031	3048.74	32	46.3945	2390.26	35	43.2403
1980.009449	22	46.7857	3025.29	30	46.9245	2371.95	33	43.697
1965.345	24	46.8332	3002.2	28	46.8946	2353.87	31	43.6697
1967.672558	21	46.9151	2991.77	26	46.8106	2346.18	29	43.6574
1953.520615	23	46.9582	2969.62	26	46.9678	2328.9	29	43.8312
1942.56	21	47.0165	2955.09	24	47.7665	2318.03	27	44.5421
1928.270909	23	46.9989	2933.54	22	47.8871	2300.98	26	44.6991
