aa=[33	35304	35.3544	1765.2	792362
34	1728	34.2474	925.8	563655
35	5128	34.5822	702.666667	448401
36	1224	33.5024	542.3	468633
37	3800	34.0043	471.84	469620
38	784	33.0862	399.733333	480620
37	4312	33.8159	373.428571	478881
38	856	32.7412	332.1	483730
37	4232	33.7313	318.711111	488595
38	920	32.6761	291.44	490805
36	5528	34.0142	290.072727	491998
37	1360	32.9787	271.566667	533885
36	5400	33.978	271.446154	487515
37	992	33.1439	255.6	490699
35	5680	34.0788	257.493333	481614
36	1040	33.3825	244.65	488312
35	5512	34.1245	246.470588	473555
36	992	33.1822	235.533333	482542
35	6040	34.0833	239.031579	474935
36	936	33.175	229.42	479751
35	5824	34.0811	232.361905	473475
36	904	33.2387	223.854545	482208
34	7160	34.3405	229.686957	470588
35	1048	33.5533	222.3	476483
34	6400	34.4287	226.208	463006
35	1096	33.6516	219.615385	470039
34	6224	34.437	223.007407	462795
35	944	33.5933	216.728571	468534
34	6248	34.4207	220.027586	459723
35	1176	33.688	214.653333	466261
34	5904	34.4708	217.251613	458529
35	1384	33.5686	212.625	461688
34	6816	34.4754	216.509091	462573
35	1400	33.5422	212.2	469072
34	6960	34.4677	216.08	462868
35	1368	33.5057	211.977778	475727
34	7064	34.5389	215.794595	467401
35	1336	33.4683	211.873684	475442
34	8032	34.5142	216.738462	463716
35	1552	33.3671	213.26	479220
34	7760	34.4534	217.521951	469193
35	1720	33.3535	214.390476	483492
34	8192	34.4693	218.930233	475011
35	1432	33.3859	215.581818	486638
34	7912	34.5257	219.582222	473299
35	1560	33.4569	216.504348	485321
34	8016	34.5343	220.425532	472666
35	1832	33.4437	217.741667	485715
34	8648	34.7322	222.122449	472904
35	1944	33.6254	219.624	484698
35	23096	34.6287	237.960784	740417
36	1688	33.4925	235.007692	573002
36	6472	34.3398	236.679245	470410
37	1456	32.6604	233.644444	486955
36	7680	34.3128	236.378182	491605
37	1376	32.9338	233.385714	504537
36	7640	34.5213	235.992982	485373
37	1584	32.9331	233.289655	501506
36	7840	34.9484	235.979661	479742
37	1824	33.6069	233.566667	512545
36	7296	35.272	235.718033	477764
37	2064	33.7614	233.580645	533669
36	6856	35.3462	235.314286	485991
37	1816	33.7669	233.05625	527734
36	7384	35.4521	235.150769	473733
37	2056	33.7385	233.145455	528564
36	7472	35.1817	235.241791	485122
37	1904	33.6045	233.182353	568398
36	7920	35.0602	235.542029	495693
37	1640	33.4256	233.348571	549093
36	8080	35.0071	235.752113	500436
37	1840	33.0164	233.755556	566444
36	9480	34.4798	237.046575	521028
37	2072	32.1711	235.243243	593606
37	10432	33.2939	239.061333	546590
38	2096	30.7868	237.294737	630506
37	12880	32.6112	242.576623	609860
38	2448	30.2696	241.035897	662882
38	10696	31.5206	244.75443	647951
39	2400	29.7903	243.195	697534
38	11304	31.4956	247.17037	671556
39	2664	29.8777	245.780488	704354
38	10288	31.4215	249.016867	679352
39	2424	29.8176	247.495238	716303
39	9328	31.0102	250.070588	687816
40	2112	29.606	248.390698	733841
39	8784	31.015	250.583908	702406
40	2048	29.6738	248.9	755605
39	8664	31.08	250.970787	694301
40	1912	29.778	249.244444	725664
39	8016	31.0355	250.90989	694306
40	2120	29.7837	249.334783	729817
39	8456	31.2234	251.2	703922
40	1912	29.8095	249.544681	713977
39	7944	31.124	251.098947	689408
40	1912	29.8005	249.479167	724558
39	7880	31.1382	250.969072	687328
40	1352	29.9701	249.097959	702156
39	7104	31.2821	250.169697	666108
40	1648	30.367	248.492	688537
38	17328	32.6481	254.609901	783737
41	1392	31.1043	252.796078	757381
39	6104	32.3828	253.304854	599536
40	1328	30.7053	251.507692	617594
39	6056	32.2197	251.99619	613595
40	1160	30.8669	250.166038	636782
39	5336	31.9809	250.321495	614968
40	1504	30.9701	248.7	637508
39	5576	31.8084	248.976147	626858
40	1928	30.6139	247.589091	647225
39	6528	31.5075	248.299099	649861
40	1848	30.1435	246.907143	681727
39	7616	31.3052	248.092035	678899
40	1896	29.9209	246.747368	714379
39	7224	31.2032	247.742609	693690
40	1904	29.7397	246.427586	705315
40	6280	30.7902	247.005128	711031
41	1664	29.457	245.616949	760192
40	6576	30.6153	246.315966	719442
41	1752	29.4898	244.993333	778663
40	6160	30.5384	245.51405	743904
41	1488	29.4258	244.111475	796420
40	5992	30.6472	244.562602	732459
41	1336	29.5932	243.129032	740671
40	5448	30.6593	243.3632	712907
41	1336	29.8259	241.961905	729647
40	4792	30.6358	241.943307	705104
41	944	29.8293	240.421875	724026
39	5392	30.9913	240.648062	679239
40	904	30.1321	239.144615	683232
39	5000	31.1741	239.227481	659309
40	1272	30.2467	237.89697	678149
39	5904	31.2015	238.32782	661054
40	1344	30.1271	237.050746	690236
39	5792	31.0677	237.44	664015
40	1520	29.7951	236.252941	709297
39	6376	31.0123	236.855474	700106
40	2024	29.7638	235.872464	718804
39	7496	30.761	236.871942	730860
40	1608	29.8017	235.754286	795008
39	6704	30.808	236.459574	717657
40	1736	29.6251	235.405634	756856
39	7632	30.7565	236.427972	733411
40	1720	29.5205	235.383333	786615
40	6048	30.4383	235.845517	735101
41	1360	29.2263	234.69589	797118
40	6104	30.5396	235.17551	737894
41	1512	29.48	234.097297	759037
39	7048	31.0571	234.891275	720873
40	1184	30.1105	233.72	715640
40	13672	31.3726	236.699338	895066
41	1208	30.2758	235.539474	807922
40	4688	31.2996	235.532026	656294
41	1608	30.1608	234.524675	676560
39	6616	31.7227	235.145806	669490
40	1952	30.5899	234.264103	683771
39	6504	31.8508	234.843312	673739
40	1920	30.7798	233.964557	700454
39	6112	31.9789	234.415094	653387
40	2064	30.717	233.595	699477
39	6912	32.1022	234.290683	664568
40	2240	30.6028	233.535802	688807
39	7384	32.0492	234.368098	660516
40	2352	30.4293	233.656098	704581
39	7560	31.6453	234.530909	687436
40	2400	29.8568	233.840964	716838
40	7448	30.8393	234.670659	707286
41	2040	29.0146	233.880952	750226
40	7952	30.5215	234.849704	738564
41	2280	28.8985	234.138824	785526
40	8264	30.3179	235.185965	779760
41	1696	28.8762	234.311628	826011
40	7952	30.0825	235.255491	761765
41	1664	28.7773	234.381609	792162
40	8040	29.9846	235.339429	761331
41	1360	28.7193	234.388636	801645
40	7192	29.9716	235.096045	760243
41	1496	28.61	234.195506	799125
40	7248	29.7688	234.911732	774247
41	1320	28.4893	233.973333	797397
40	6976	29.6529	234.607735	778390
41	1336	28.4462	233.685714	810657
40	7392	29.6775	234.428415	775373
41	1248	28.5715	233.493478	793221
40	7080	29.6385	234.144865	777921
41	1096	28.5221	233.180645	812479
40	6928	29.5166	233.786096	776526
41	1352	28.3954	232.902128	806398
40	7568	29.481	233.671958	790681
41	1200	28.3604	232.757895	805373
40	6728	29.3695	233.300524	793951
41	1352	28.323	232.4375	796010
40	7256	29.3405	233.112953	795035
41	1376	28.247	232.265979	808362
40	6976	29.2425	232.86359	800196
41	1104	28.2849	231.957143	804429
40	6848	29.305	232.517766	793560
41	1224	28.3554	231.652525	803940
40	6880	29.4737	232.217085	793962
41	1216	28.3786	231.36	793165
40	19296	30.295	235.008955	951481
42	1000	28.8918	234.093069	879320
41	5432	29.6159	234.277833	747278
42	1176	28.1927	233.417647	764008
40	7544	29.7762	234.119024	780999
41	1440	28.6592	233.332039	776660
40	7080	29.6368	233.914976	764567
41	1368	28.5971	233.119231	779566
40	6904	29.6004	233.655502	765758
41	1328	28.5548	232.859048	781929
40	7104	29.6042	233.438863	767935
41	1272	28.5001	232.637736	781903
40	6592	29.5396	233.092958	766590
41	1400	28.4454	232.330841	772106
40	6936	29.6091	232.863256	769124
41	1048	28.569	232.027778	770925
40	6320	29.6194	232.414747	764766
41	1376	28.5678	231.66422	772435
40	6520	29.6513	232.094977	769859
41	1472	28.5761	231.374545	770083
40	6160	29.6864	231.721267	765650
41	1232	28.6148	230.954955	774293
40	6544	29.7491	231.386547	770176
41	1464	28.6616	230.680357	770331
40	6424	29.637	231.082667	769593
41	1232	28.5898	230.332743	772429
40	7072	29.6717	230.875771	769084
41	1128	28.4704	230.110526	778430
40	6424	29.5807	230.508297	771404
41	1272	28.5261	229.782609	774998
40	7040	29.6009	230.311688	769958
41	1232	28.4957	229.584483	779433
