a=[
1430967	1430967	1	1430967	6.31	58333.33	1269.47	45.95	0	0	7000000	1	6.31	29.35
313603	1029086.5	1.5	686057.69	15	116666.67	8100.57	14.4	313896	58333.33	7000000	1.04	15.55	37.16
311075	825618.25	1.75	471781.84	9.16	175000.01	8617.67	20.31	321864	116666.67	7000000	1.03	9.43	32.83
311779	724588.13	1.88	386447	7.06	233333.34	9590.87	24.33	341064	175000	7000000	1.02	7.23	30.53
305096	667390.06	1.94	344459.38	6.11	291666.68	10866.36	26.84	371376	233333.33	7000000	1.02	6.23	29.24
309843	643538.03	1.97	326876.47	5.8	350000.02	12634.91	27.7	417928	291666.67	7000000	1.02	5.9	28.77
314646	636415.02	1.98	320713.09	5.49	408333.35	14061.72	29.04	456752	350000	7000000	1.02	5.57	28.28
306535	624742.51	1.99	313596.25	5.49	466666.69	16222.65	28.77	518560	408333.33	7000000	1.02	5.58	28.28
303666	616037.25	2	308621.41	5.39	525000.02	18035.9	29.11	569912	466666.67	7000000	1.01	5.47	28.12
303360	611378.63	2	305988.13	5.3	583333.36	19752.73	29.53	619160	525000	7000000	1.01	5.37	27.95
307309	612998.31	2	306648.88	5.24	641666.7	21465.85	29.89	669080	583333.33	7000000	1.01	5.3	27.84
313560	620059.16	2	310105.28	5.2	700000.03	23143.56	30.25	718624	641666.67	7000000	1.01	5.26	27.77
320402	630431.58	2	315254.28	5.23	758333.37	25051.23	30.27	775696	700000	7000000	1.01	5.29	27.82
320933	636148.79	2	318093.81	5.25	816666.71	27009.6	30.24	834344	758333.33	7000000	1.01	5.31	27.86
321374	639448.39	2	319733.97	5.28	875000.04	29003.49	30.17	893984	816666.67	7000000	1.01	5.33	27.9
330579	650303.2	2	325156.56	5.31	933333.38	30942.15	30.16	951832	875000	7000000	1.01	5.37	27.96
335091	660242.6	2	330123.81	5.37	991666.72	33009.43	30.04	1013512	933333.33	7000000	1.01	5.43	28.05
334785	664906.3	2	332454.41	5.39	1050000.05	34978.34	30.02	1071992	991666.67	7000000	1.01	5.45	28.08
337244	669697.15	2	334849.22	5.39	1108333.39	36873.07	30.06	1128224	1050000	7000000	1.01	5.46	28.09
338824	673672.57	2	336836.59	5.43	1166666.72	39000.51	29.91	1191464	1108333.33	7000000	1.01	5.5	28.16
340046	676882.29	2	338441.31	5.49	1225000.06	41308.8	29.65	1259704	1166666.67	7000000	1.01	5.56	28.26
340893	679334.14	2	339667.16	5.54	1283333.4	43597.89	29.44	1326696	1225000	7000000	1.01	5.62	28.35
350181	689848.07	2	344924.06	5.6	1341666.73	45801.51	29.29	1390632	1283333.33	7000000	1.02	5.69	28.45
352941	697865.04	2	348932.53	5.66	1400000.07	48048.65	29.14	1455464	1341666.67	7000000	1.02	5.75	28.55
364324	713256.52	2	356628.28	5.68	1458333.41	49812.1	29.28	1506024	1400000	7000000	1.02	5.77	28.57
374543	731171.26	2	365585.63	5.73	1516666.74	51785.76	29.29	1562944	1458333.33	7000000	1.01	5.82	28.65
378434	744019.63	2	372009.81	5.81	1575000.08	54113.73	29.11	1630120	1516666.67	7000000	1.02	5.91	28.78
384778	756787.81	2	378393.91	5.88	1633333.42	56438.49	28.94	1696704	1575000	7000000	1.02	5.99	28.9
389049	767442.91	2	383721.47	5.96	1691666.75	58893.99	28.72	1766552	1633333.33	7000000	1.02	6.08	29.02
391950	775671.45	2	387835.72	6.05	1750000.09	61528.36	28.44	1840808	1691666.67	7000000	1.02	6.18	29.17
394887	782722.73	2	391361.38	6.13	1808333.42	64251.92	28.14	1916656	1750000	7000000	1.02	6.28	29.31
403464	794825.36	2	397412.69	6.25	1866666.76	67169.35	27.79	1996856	1808333.33	7000000	1.03	6.42	29.5
403738	801150.68	2	400575.34	6.33	1925000.1	69964.75	27.51	2072504	1866666.67	7000000	1.03	6.52	29.63
389169	789744.34	2	394872.16	6.3	1983333.43	72185.65	27.48	2131864	1925000	7000000	1.03	6.49	29.6
388017	782889.17	2	391444.59	6.3	2041666.77	74540.67	27.39	2194712	1983333.33	7000000	1.03	6.49	29.6
396523	787967.59	2	393983.78	6.34	2100000.11	76950.25	27.29	2258776	2041666.67	7000000	1.03	6.54	29.66
403297	797280.79	2	398640.41	6.4	2158333.44	79395.64	27.18	2323504	2100000	7000000	1.03	6.6	29.74
410782	809422.4	2	404711.19	6.47	2216666.78	81951.12	27.05	2390824	2158333.33	7000000	1.03	6.68	29.85
406711	811422.2	2	405711.09	6.51	2275000.12	84528.13	26.91	2458288	2216666.67	7000000	1.03	6.73	29.91
403389	809100.1	2	404550.06	6.52	2333333.45	86971.54	26.83	2521856	2275000	7000000	1.04	6.75	29.93
418608	823158.05	2	411579.03	6.6	2391666.79	89569.9	26.7	2589192	2333333.33	7000000	1.04	6.84	30.05
430327	841906.02	2	420953	6.7	2450000.12	92382.62	26.52	2661648	2391666.67	7000000	1.04	6.96	30.2
424592	845545.01	2	422772.5	6.77	2508333.46	95411.53	26.29	2738992	2450000	7000000	1.04	7.05	30.31
427021	849793.51	2	424896.75	6.83	2566666.8	98298.49	26.11	2811880	2508333.33	7000000	1.04	7.13	30.41
420148	845044.75	2	422522.38	6.86	2625000.13	101125.34	25.96	2882624	2566666.67	7000000	1.05	7.17	30.45
433369	855891.38	2	427945.69	6.93	2683333.47	103921.83	25.82	2952080	2625000	7000000	1.05	7.25	30.56
448097	876042.69	2	438021.34	6.99	2741666.81	106096.95	25.84	3005736	2683333.33	7000000	1.05	7.31	30.62
430518	868539.34	2	434269.69	6.98	2800000.14	108549.42	25.79	3066320	2741666.67	7000000	1.05	7.3	30.61
422022	856291.67	2	428145.84	6.95	2858333.48	110973.3	25.76	3126072	2800000	7000000	1.05	7.27	30.58
407688	835833.84	2	417916.91	6.89	2916666.82	113384.62	25.72	3185416	2858333.33	7000000	1.05	7.21	30.51
410176	828092.92	2	414046.47	6.86	2975000.15	115578.36	25.74	3239328	2916666.67	7000000	1.05	7.17	30.46
408326	822372.46	2	411186.22	6.88	3033333.49	118558.13	25.59	3312648	2975000	7000000	1.05	7.21	30.51
429681	840867.23	2	420433.63	6.93	3091666.82	120691.54	25.62	3364720	3033333.33	7000000	1.05	7.26	30.57
436504	856937.61	2	428468.81	7	3150000.16	123183.61	25.57	3425672	3091666.67	7000000	1.05	7.33	30.65
420507	848975.81	2	424487.91	6.99	3208333.5	125747.13	25.51	3488240	3150000	7000000	1.05	7.33	30.64
422341	846828.9	2	423414.44	6.99	3266666.83	128287.01	25.46	3550056	3208333.33	7000000	1.05	7.34	30.66
404380	827794.45	2	413897.22	6.94	3325000.17	130657.83	25.45	3607616	3266666.67	7000000	1.05	7.27	30.58
396872	810769.23	2	405384.63	6.88	3383333.51	132938.54	25.45	3662960	3325000	7000000	1.05	7.21	30.51
404402	809786.61	2	404893.31	6.87	3441666.84	135136.06	25.47	3716312	3383333.33	7000000	1.05	7.2	30.49
402328	807221.31	2	403610.66	6.9	3500000.18	138217.05	25.32	3791216	3441666.67	7000000	1.05	7.25	30.55
1288724	1692334.65	2	846167.31	9.27	3558333.52	140394.99	25.35	3843744	3500000	7000000	1.05	9.73	33.1
413417	1259584.33	2	629792.19	8.55	3616666.85	148042.13	24.43	4210384	3558333.33	7058092.28	1.09	9.34	32.74
414802	1044594.16	2	522297.09	7.87	3675000.19	149324.91	24.61	4239072	3616666.67	7115710.32	1.09	8.56	31.99
410804	933101.08	2	466550.53	7.5	3733333.52	151273.37	24.68	4283168	3675000	7172865.54	1.08	8.14	31.56
409415	875965.54	2	437982.78	7.29	3791666.86	153204.59	24.75	4327104	3733333.33	7229568.91	1.08	7.89	31.29
423370	861352.77	2	430676.38	7.26	3850000.2	155809.5	24.71	4386680	3791666.67	7285831	1.08	7.85	31.24
427425	858101.39	2	429050.69	7.26	3908333.53	158371.22	24.68	4445200	3850000	7341661.94	1.08	7.84	31.24
432288	861338.69	2	430669.34	7.28	3966666.87	161078.12	24.63	4506992	3908333.33	7397071.49	1.08	7.87	31.27
418253	848922.35	2	424461.19	7.25	4025000.21	163769.02	24.58	4568296	3966666.67	7452069.06	1.08	7.84	31.23
414932	839393.17	2	419696.59	7.24	4083333.54	166461.56	24.53	4629528	4025000	7506663.71	1.08	7.82	31.21
417278	836974.59	2	418487.28	7.24	4141666.88	169140.8	24.49	4690352	4083333.33	7560864.15	1.08	7.82	31.21
420758	839245.29	2	419622.66	7.26	4200000.22	171808.67	24.45	4750824	4141666.67	7614678.81	1.08	7.84	31.23
427282	846904.65	2	423452.31	7.3	4258333.55	174601.51	24.39	4814040	4200000	7668115.81	1.08	7.89	31.29
433045	856497.32	2	428248.66	7.35	4316666.89	177270.34	24.35	4874304	4258333.33	7721182.98	1.08	7.93	31.34
420607	848855.66	2	424427.84	7.33	4375000.23	179975.59	24.31	4935312	4316666.67	7773887.92	1.08	7.92	31.32
432818	857245.83	2	428622.91	7.37	4433333.56	182588.38	24.28	4994144	4375000	7826237.92	1.08	7.95	31.36
432597	861219.92	2	430609.97	7.4	4491666.9	185317.57	24.24	5055552	4433333.33	7878240.07	1.08	7.98	31.39
