test_sad83=[6784.12	41.2042	43.3768	43.9919
3270.328	38.1281	40.8845	41.2178
1569.5707	35.215	38.8528	38.9497
772.108	32.5488	37.2655	37.2342
390.1253	29.9912	35.7386	35.5258
185.1147	27.3524	33.8167	33.1982
7004.3653	41.3767	43.3206	43.9024
3457.8107	38.1958	40.6029	40.9267
1685.624	35.1657	38.3693	38.5195
845.516	32.3394	36.6374	36.6739
431.196	29.5452	34.9028	34.8728
205.2907	26.6155	32.7222	32.4025
2422.5347	41.7433	44.338	44.0689
1289.496	38.2341	41.5504	40.9053
636.0307	34.7998	39.414	38.5634
311.1733	31.7349	37.9053	36.8806
152.3813	29.0084	36.3804	35.253
68.928	26.516	34.5687	33.0507
3595.944	39.4241	41.4896	42.2969
1491.3947	35.5372	38.8139	39.4566
644.3213	32.0995	36.8331	37.3906
268.928	28.9912	35.3566	35.901
109.3507	26.3191	34.0113	34.5638
42.292	24.0437	32.3196	32.7959
8756.3136	40.7019	43.5172	44.7471
3661.0144	37.9075	41.4572	42.2977
1659.9568	34.9713	39.7814	40.3159
792.4432	32.0799	38.4799	38.8139
384.2512	29.2248	37.2956	37.3912
179.96	26.5326	35.5903	35.535
4989.888	39.5751	42.9819	43.59
2355.3152	35.4589	40.6292	41.286
832.0416	31.635	39.1101	39.6738
325.3408	28.4504	38.0045	38.5489
120.6992	25.2466	37.0496	37.396
53.1344	22.3316	36.0264	35.7153
58087.4787	39.7664	41.047	43.8373
12364.34	37.3313	39.1495	41.9431
4907.2827	35.2793	38.202	40.2829
2301.7333	33.0057	37.4183	38.9842
1118.116	30.5945	36.6042	37.6682
521.452	28.1368	35.3705	35.869
9320.5128	43.9631	46.0487	46.2111
5276.884	40.1437	42.9582	43.0367
2836.9728	36.3391	40.6334	40.2605
1435.524	32.692	38.9926	38.1156
658.4624	29.1606	37.4163	36.0721
269.7672	25.744	35.3126	33.3796
449.536	43.9883	48.0561	48.1667
178.4456	40.5161	45.5061	45.1261
78.3168	37.0949	43.5597	42.7353
39.4872	33.8095	42.1977	41.021
20.7792	30.6916	41.0535	39.3798
10.7992	27.9115	40.0309	37.3197
2992.8352	43.473	48.2916	48.8005
1154.264	40.3909	45.6605	46.1373
454.8136	37.3381	43.6238	43.9624
199.5312	34.2585	42.1897	42.3322
89.1056	31.205	40.9814	40.7461
40.0864	28.3309	39.5602	38.5716
5925.4112	43.0205	46.6082	47.8466
1973.7744	40.7403	44.5972	45.8107
904.3136	38.1377	42.8163	43.9925
466.9792	35.1983	41.4669	42.501
243.8688	32.0777	40.1439	41.0816
121.1056	28.9986	38.416	39.0685
5191.3296	43.4088	47.9702	48.5759
1182.1376	41.4328	46.3428	46.9598
436.6912	39.3759	44.6409	45.1698
215.0608	36.9554	43.2601	43.644
114.28	34.2643	41.7676	42.289
61.4464	31.6365	39.4379	39.8788
1237.8272	42.6717	44.7563	46.0406
659.8256	39.1786	42.1267	43.4858
335.768	35.7542	40.159	41.4465
170.8224	32.666	38.7359	40.0112
89.2016	29.9161	37.4142	38.6084
45.8168	27.2093	35.629	37.038
4589.7192	42.0257	45.0042	46.438
2096.7616	39.4583	42.6874	44.2426
1021.2256	36.7085	40.8859	42.4603
500.5688	33.89	39.6048	41.1107
248.1512	31.254	38.3461	39.8324
120.4904	28.7137	36.731	37.9988
4654.4256	43.7685	47.3606	48.2235
1422.632	41.6101	45.5537	46.3926
600.664	39.1952	43.715	44.608
301.7296	36.4885	42.2731	43.154
161.9168	33.5905	40.8467	41.6263
86.0288	30.6131	38.8373	39.5447
252.0128	46.8663	47.6554	48.6773
127.4728	44.3682	45.406	46.1906
66.6968	41.5694	43.3774	44.0134
36.96	38.694	41.8264	42.3919
21.1528	35.8334	40.1935	40.7964
12.2352	33.0229	38.2031	38.542
956.1448	44.7503	46.8003	49.2413
386.5128	43.4005	45.3843	47.304
179.1088	41.6888	43.8881	45.4507
91.4152	39.6262	42.732	44.0101
49.1688	37.3536	41.4701	42.4614
27.0016	34.8883	39.5791	40.2622
16402.0712	40.8038	42.5632	43.7489
6318.776	37.988	40.3714	41.3745
2660.5312	35.1896	38.6805	39.8264
1151.4536	32.508	37.4855	38.9253
485.0616	30.0198	36.4638	38.2414
189.5192	27.8365	35.2537	37.4203
18363.1733	39.4696	41.4407	42.1996
8399.3013	35.3745	38.5971	39.2725
3699.536	31.7813	36.6083	37.2018
1564.7813	28.4318	35.1987	35.762
617.1973	25.4399	33.9905	34.4421
212.952	22.8961	32.4533	32.9034
2196.872	41.141	42.2268	43.2291
1107.0888	37.3565	39.2274	40.4323
528.3896	33.7055	37.1202	38.3342
248.8176	30.6187	35.6125	36.7372
119.7016	28.1308	34.1449	35.1761
55.5568	25.8361	32.1877	33.0559
9482.2464	41.1501	42.462	43.6579
4424.276	37.7399	39.623	41.1913
1900.4696	34.4059	37.6167	39.3318
837.46	31.3424	36.2035	37.948
366.7	28.6721	34.9533	36.6125
160.5736	26.5817	33.2972	34.6976
1762.304	46.823	45.0081	45.09
1308.5392	42.6252	41.4056	41.4357
962.692	37.874	39.2925	39.2531
680.9936	32.9747	38.0289	37.7221
438.4272	28.1199	36.9048	36.3252
236.4504	23.3002	35.1469	34.5773
1504.3499	49.8058	52.909	54.1223
967.2512	46.2058	49.5526	50.9323
594.7237	42.5418	46.8806	48.3124
366.5835	38.8376	44.7031	46.2969
225.1851	34.8924	42.707	44.474
129.3056	30.8994	40.1581	41.7494
4239.9664	44.0187	46.9485	47.9373
1391.6064	41.8312	45.5771	46.3015
580.0544	39.376	44.1401	44.6262
288.8288	36.6035	43.0281	43.3484
151.5872	33.6455	41.8841	41.9776
79.4896	30.6784	40.0323	39.7961
6352.992	43.862	48.3552	47.9409
2161.6672	41.5126	46.903	45.9613
856.1408	39	45.7073	44.1677
415.5392	36.0997	44.7841	42.8472
213.1904	32.895	43.6417	41.5551
102.44	29.5347	41.6007	39.8307
6383.7392	43.7055	48.2176	48.4693
1803.92	41.1289	46.4068	46.667
685.9488	38.5804	44.7883	44.8289
330.4544	35.9214	43.4545	43.3798
172.9568	33.1556	42.2234	41.9612
89.9856	30.4215	40.1141	39.7962
5721.836	42.098	45.2065	45.8098
2769.8048	38.7145	42.5192	42.8445
1324.6592	35.5134	40.3913	40.5388
631.224	32.4872	38.8737	38.7844
290.8416	29.5877	37.4964	37.2035
119.7536	26.8452	35.8077	35.0741
];
