a=[1682744	1262011.814	1332319	1737479	1262011.814	1432088	1836389	1262011.814	1576099	2023878	1262011.814	1754774
2027072	1686142.606	1575681	2139204	1686142.606	1693635	2360262	1686142.606	1875377	2616842	1686142.606	2118788
2123940	2578180.412	1369757	2175982	2578180.412	1492757	2284204	2578180.412	1676439	2548176	2578180.412	1971241
1374656	550060.9592	970215	1415703	550060.9592	1015337	1496523	550060.9592	1086465	1590631	550060.9592	1190247
1872698	1987878.553	1362480	1949202	1987878.553	1449663	2082200	1987878.553	1585826	2377568	1987878.553	1798893
1376728	328457.0755	1143257	1496715	328457.0755	1170329	1524931	328457.0755	1209372	1576562	328457.0755	1261190
2168920	2100535.053	1659649	2213708	2100535.053	1762791	2422666	2100535.053	1962823	2700637	2100535.053	2189829
4901101	4805997.52	3770893	5257803	4805997.52	4150558	5767140	4805997.52	4637116	6510609	4805997.52	5250074
5569927	5605934.313	4441323	5955553	5605934.313	4822029	6459820	5605934.313	5326227	7331189	5605934.313	6023433
5329690	6545178.859	3768114	5727153	6545178.859	4119022	6421981	6545178.859	4751536	7626246	6545178.859	5655709
2936087	1749042.73	2184472	3090941	1749042.73	2305343	3387615	1749042.73	2516412	3824862	1749042.73	2904055
4814397	6427497.99	3776816	5356605	6427497.99	4037005	5815197	6427497.99	4435803	6391104	6427497.99	5097819
3006967	995395.3776	2721855	3180213	995395.3776	2781192	3319996	995395.3776	2887760	3549970	995395.3776	3047788
7717046	8588155.107	4402682	8039838	8588155.107	5125397	8676222	8588155.107	6218408	9840120	8588155.107	7696268
6371712	6676446.895	4894709	6661580	6676446.895	5118878	7038959	6676446.895	5712661	7865456	6676446.895	6516390
4901101	4805997.52	3770893	5257803	4805997.52	4150558	5767140	4805997.52	4637116	6510609	4805997.52	5250074
9481214	12451736.91	6216766	9877313	12451736.91	6695782	10767200	12451736.91	7633745	12060474	12451736.91	9009440
8357928	10500142.33	5610051	9037665	10500142.33	6106636	10195134	10500142.33	6963498	11943500	10500142.33	8398019
7128083	7463831.611	5260024	7334954	7463831.611	5575962	8059409	7463831.611	6111392	9034598	7463831.611	6984318
7495001	8183362.662	5295861	8005031	8183362.662	5670691	8606800	8183362.662	6315609	9792384	8183362.662	7381325
13585449	25501551.22	5910711	14290688	25501551.22	6785564	15619356	25501551.22	8498641	17764530	25501551.22	11501669
9632105	14274353.85	2767864	9994581	14274353.85	2810895	10920736	14274353.85	3730177	12247305	14274353.85	3693378
7613358	7984270.976	5158343	8112921	7984270.976	5606380	8980778	7984270.976	6323104	10572285	7984270.976	7489133
7551077	7904679.164	4968270	7850812	7904679.164	5340309	8509572	7904679.164	6061892	9463658	7904679.164	7325959
7283238	7862935.994	5098746	7687493	7862935.994	5516751	8359438	7862935.994	6199618	9707103	7862935.994	7156827
21813451	24244295.43	16061498	23302465	24244295.43	16878775	25217652	24244295.43	18751985	28145031	24244295.43	21771638
19647003	19215501.03	12380784	20788608	19215501.03	13774092	22513582	19215501.03	15942989	24511210	19215501.03	18836075
17126446	16693616.79	13571913	17743989	16693616.79	14124419	19057536	16693616.79	15524282	20905315	16693616.79	17499685
22809436	34481312.74	13980357	23253623	34481312.74	15008517	25531525	34481312.74	17469552	29428399	34481312.74	21611915
24720895	16038811.61	12940521	24764552	16038811.61	13357378	25033492	16038811.61	14620532	25778642	16038811.61	16884916
15078291	16340683.99	12848574	15604244	16340683.99	13779986	16797404	16340683.99	14791698	18811439	16340683.99	16615508
];
i_sad_real_26=a(:,1);
p_sad_real_26=a(:,3);
i_sad_real_32=a(:,4);
p_sad_real_32=a(:,6);
i_sad_real_38=a(:,7);
p_sad_real_38=a(:,9);
i_sad_real_44=a(:,10);
p_sad_real_44=a(:,12);

i_sad_real_all=[a(:,1);a(:,4);a(:,7);a(:,10)];
p_sad_real_all=[a(:,3); a(:,6);a(:,9);a(:,12)];