bqmall_x264=[1430967	42
313603	49
311075	45
311779	42
305096	41
309843	40
314646	39
306535	39
303666	39
303360	38
307309	38
313560	38
320402	38
320933	38
321374	38
330579	37
335091	38
334785	38
337244	38
338824	37
340046	38
340893	38
350181	38
352941	37
364324	38
374543	38
378434	38
384778	38
389049	38
391950	38
394887	38
403464	38
403738	38
389169	38
388017	38
396523	38
403297	38
410782	38
406711	39
403389	39
418608	39
430327	39
424592	39
427021	39
420148	39
433369	39
448097	39
430518	39
422022	39
407688	39
410176	39
408326	39
429681	39
436504	39
420507	39
422341	39
404380	39
396872	39
404402	39
402328	39
1288724	36
413417	41
414802	41
410804	40
409415	40
423370	40
427425	40
432288	40
418253	40
414932	40
417278	40
420758	40
427282	40
433045	40
420607	40
432818	40
432597	40
419739	40
413293	40
416548	40
410067	40
400832	40
392860	40
383499	39
385228	39
373580	39
379253	39
405555	39
393671	39
390284	40
387777	39
390489	40
371159	39
372968	39
375242	39
361952	39
365318	39
367310	39
372158	39
375973	39
374672	39
370844	39
374980	39
377542	39
383596	39
389744	39
387224	39
388140	39
390102	39
383474	39
401242	39
414717	40
400834	39
392877	39
397230	39
397476	39
413033	40
409424	40
401083	39
387610	39
1238800	37
381992	41
396594	41
411250	40
424731	40
417257	40
408404	40
402160	40
412503	40
424886	40
419618	40
417381	40
411749	40
406373	40
399144	40
402153	40
397118	39
402239	39
411062	40
398991	39
396744	39
394585	39
394257	39
404742	39
412237	39
409088	39
400913	39
387957	39
387697	39
392422	39
390523	39
394766	39
409777	39
389591	39
377900	39
390315	39
395854	39
396140	39
395949	39
385669	39
394992	39
394275	39
387005	39
399153	39
403679	39
402448	39
418551	39
427690	39
415664	39
413742	39
412547	39
414966	39
413917	39
417945	39
419101	39
423426	39
416173	39
403468	39
390169	39
382478	39
1329070	36
369641	41
351735	40
342758	39
351897	39
342346	39
329616	38
321919	38
336192	38
324253	38
328999	38
337321	38
353158	38
361647	38
364105	38
362196	38
362741	38
364922	38
362103	38
356702	38
344142	38
350777	38
347344	38
334337	38
324693	38
326934	38
328579	38
332321	38
342032	38
351307	38
356489	38
348752	38
344194	38
338723	38
336691	38
332016	37
318952	37
304130	37
291388	37
291967	37
289961	37
283063	37
280716	37
279715	37
287475	37
285957	37
289966	37
290933	37
293880	37
298211	37
317253	37
324330	37
325470	37
326943	37
326997	37
315447	37
297172	37
295964	36
293377	36
287343	36
1173203	34
295167	39
303762	38
307215	37
301494	37
304474	37
302357	37
299136	37
307217	37
303002	37
302862	36
303395	36
297569	36
288791	36
283179	36
281441	36
276861	36
270309	36
265862	36
261254	36
255599	36
253205	36
248306	36
252948	36
254530	35
251444	35
255497	35
257218	35
252579	35
259832	35
268162	35
267500	35
268850	35
265552	35
262561	35
257449	35
252201	35
249265	35
251034	35
248957	35
247089	35
246314	35
247490	35
239158	35
240282	35
246635	35
246329	35
245993	35
251288	35
255990	35
255950	35
257655	35
258372	35
257708	35
258430	35
261742	35
259429	35
260879	35
260989	35
256855	35
];
bqmall_hm=[4792320	3719429	34
3645236	2655730	35
1966624	1966624	36
2033684	2030331	37
2035168	2032833	38
2105529	2098501	39
2121868	2114938	40
2193141	2181427	40
2236664	2222893	39
2275704	2260238	39
2211702	2205700	38
2275215	2265880	39
2242961	2239449	38
2273881	2269382	38
2235968	2236686	38
2297446	2293320	38
2264751	2264246	37
2327678	2321530	38
2245871	2248331	37
2298438	2295931	38
2257085	2258890	37
2334285	2329125	37
2310525	2308673	37
2404124	2394246	38
2331836	2330025	37
2440960	2429653	38
2369819	2367175	37
2452166	2443209	38
2410412	2407547	38
2564926	2549493	38
2497541	2491184	38
2545994	2536565	38
2491666	2489667	38
2619655	2607091	38
2505511	2506058	38
2577227	2572165	38
2538222	2538659	38
2635969	2627519	39
2587450	2584976	38
2702927	2690867	39
2606632	2605638	39
2781510	2765052	39
2745576	2735712	39
2941181	2916306	39
2802618	2794904	39
2918161	2902420	39
2804203	2802567	39
2931436	2919933	39
2792244	2796981	39
2853044	2852595	39
2792358	2798562	39
2878985	2875749	39
2823440	2826019	39
2929387	2921512	39
2796386	2801713	39
2948171	2938529	40
2762967	2771479	39
2859606	2858536	39
2707995	2721032	39
2849977	2848453	39
2727438	3562986	39
4533728	3336037	40
2687371	2697882	40
2799766	2799080	40
2756279	2757543	40
2891971	2881278	40
2814817	2811280	40
2977176	2960768	40
2862674	2857875	40
3000260	2985112	40
2826213	2830206	40
2982193	2972868	40
2905213	2905448	40
3076567	3061974	40
2886232	2891565	40
2993937	2988709	40
2897008	2901902	40
3039433	3030574	40
2839364	2850676	40
2888802	2894003	40
2848940	2857424	40
2887207	2889497	40
2748208	2762673	40
2815197	2820729	40
2709223	2723005	40
2749403	2755542	40
2677637	2688931	40
2777973	2777848	40
2736934	2739512	40
2936805	2920016	40
2754644	2756152	40
2907537	2894910	40
2710421	2717520	40
2786382	2786347	40
2691538	2701162	40
2793511	2793132	40
2741966	2746804	39
2846635	2839879	40
2652611	2663982	39
2737186	2737970	40
2735189	2736482	39
2811623	2805588	40
2733109	2735445	39
2801906	2797468	40
2725292	2728307	39
2818623	2811954	39
2725112	2728701	39
2855679	2847692	40
2704772	2711496	39
2814394	2810190	39
2682516	2690868	39
2810434	2806100	39
2705331	2711258	39
2801864	2797928	39
2687347	2694391	39
2875338	2863829	39
2731561	2734764	39
2803507	2799380	39
2719919	2724618	39
2771505	2770559	39
2685367	4356310	40
4411204	3255046	40
2636411	2646656	40
2736076	2736964	40
2755382	2752840	40
2817313	2809650	40
2760094	2757610	40
2910287	2895163	40
2745031	2746102	39
2851054	2843594	40
2728393	2734349	39
2861952	2856125	40
2709530	2718372	39
2787534	2788204	39
2686378	2696242	39
2758836	2759561	39
2655255	2665216	39
2719912	2721768	39
2654838	2662282	39
2725992	2724621	39
2686884	2689140	39
2743044	2739128	39
2692420	2693642	39
2726826	2724208	39
2685671	2687548	39
2702892	2702834	39
2648219	2653546	39
2706505	2705760	39
2631315	2637394	39
2664226	2666029	39
2644311	2647504	39
2696843	2694408	39
2637107	2640039	39
2691448	2688802	39
2630791	2633993	39
2691460	2688407	39
2628190	2631425	39
2676674	2675216	39
2633657	2636368	38
2666365	2665424	39
2557223	2566198	38
2592181	2596419	38
2540733	2548990	38
2593772	2595504	38
2562400	2566447	38
2622373	2619744	38
2587577	2587852	38
2635768	2630841	38
2575284	2576631	38
2624592	2621414	38
2555332	2559262	38
2607691	2606559	38
2561301	2564794	38
2635797	2632009	38
2556193	2559973	38
2615478	2613076	38
2560496	2563407	38
2623570	2620161	38
2560979	2563899	38
2602707	2601392	38
2544265	4228827	39
4224776	3078637	39
2535723	2539643	39
2556489	2558336	38
2554570	2555847	38
2620077	2615549	38
2520158	2524329	38
2562047	2562042	38
2500233	2505129	38
2537883	2538934	38
2480038	2486177	38
2517642	2519535	38
2432639	2441509	38
2470984	2474155	38
2407764	2415852	38
2446488	2449260	38
2393642	2400366	38
2433470	2434906	38
2411934	2414672	37
2441108	2439972	38
2361906	2367806	37
2386785	2389145	37
2343098	2349018	37
2364938	2367655	37
2323397	2329390	37
2348008	2350471	37
2281087	2288607	37
2294842	2299158	37
2269019	2274756	37
2280233	2283517	37
2237412	2243657	37
2276672	2277888	37
2226772	2231770	37
2227653	2231058	37
2185859	2192253	37
2205578	2208885	37
2166205	2172164	37
2191985	2194263	37
2153301	2158396	37
2177896	2179297	37
2136286	2140716	36
2154299	2156011	36
2081167	2088884	36
2130894	2132705	36
2074316	2080636	36
2105906	2107991	36
2070875	2075432	36
2100905	2101497	36
2038594	2044196	36
2069958	2071369	36
2010982	2017414	36
2041862	2044093	36
1993715	1999753	36
