satd_real=[2137785
2147746
2164518
2155834
2155999
2153139
2155379
2188273
2162817
2160594
2152299
2131925
2134088
2134697
2184108
2151195
2152967
2170240
2175042
2133003
2150167
2162968
2145982
2143065
2154477
2131370
2098243
2127791
2212386
2181582
2179938
2177052
2190590
2201377
2191913
2272909
2207580
2189696
2173886
2230963
2082122
2105270
2143632
2120190
2130918
2103729
2106526
2091289
2074111
2111576
2114408
2132530
2128291
2121762
2109744
2121864
2106329
2129754
2129480
2128858
2115144
2112464
2100005
2135576
2113770
2103941
2098825
2116247
2149011
2130806
2130187
2145849
2137056
2130714
2136384
2117468
2115120
2118193
2123735
2092655
2185462
2093952
2137729
2096078
2083711
2084946
2079064
2102762
2118328
2116338
2112400
2149849
2131838
2149381
2134997
2153303
2145080
2149850
2182027
2160520
2149038
2181037
2188161
2181674
2190747
2174759
2160249
2188439
2174855
2183495
2174547
2169399
2211594
2205938
2196148
2202674
2221799
2221734
2189584
2179019
2193315
2203713
2194301
2195770
2206854
2216751
2207212
2214153
2239271
2222954
2234183
2261862
2211664
2208252
2214346
2206840
2224680
2218978
2240191
2223568
2231740
2213070
2220249
2212390
2227230
2296541
2295327
2266085
2270556
2287272
2268464
2262232
2272499
2252293
2288692
2300134
2293090
2335705
2303405
2348863
2318956
2302631
2298797
2284110
2305972
2293372
2314604
2331514
2311277
2314083
2352700
2348344
2369035
2369363
2396580
2358818
2359852
2372731
2374485
2348103
2357305
2343454
2350161
2368187
2370443
2380304
2338238
2392336
2375794
2344926
2370879
2332673
2329498
2317424
2321496
2335646
2330560
2342222
2326203
2337207
2316083
2296131
2312853
2291822
2310280
2311089
2307335
2308673
2317400
2305413
2317102
2289400
2295347
2302645
2307212
2295858
2302307
2303536
2307213
2315477
2303587
2293057
2310574
2310334
2309988
2298455
2325451
2315162
2326772
2307244
2323485
2326223
2302341
2304433
2305202
2295923
2316920
2327825
2316002
2331013
2334207
2302668
2304098
2317666
2323304
2345258
2332007
2326456
2326901
2353777
2342388
2324536
2327960
2333780
2345111
2344488
2340311
2326775
2315857
2328804
2319865
2326117
2338538
2340441
2347523
2359361
2345228
2356313
2341024
2347030
2343676
2345793
2348776
2321183
2341872
2355190
2332716
2334354
2326721
2353108
2358810
2352985
2336136
2363421
2351346
2345952
2364085
2405739
2393209
2377106
2395673
2375014
2364062
2362265
2359189
2378843
2373450
2408242
2364948
];
satd_est=[1198080
1983910
1992875
2007970
2000154
2000303
1997729
1999745
2029349
2006439
2004438
1996973
1978636
1980583
1981131
2025601
1995979
1997574
2013120
2017441
1979606
1995054
2006575
1991287
1988662
1998933
1978137
1948322
1974915
2051051
2023327
2021848
2019250
2031435
2041143
2032625
2105522
2046726
2030630
2016401
2067770
1933813
1954647
1989172
1968075
1977730
1953260
1955777
1942064
1926603
1960322
1962871
1979181
1975365
1969489
1958673
1969581
1955600
1976682
1976436
1975876
1963533
1961121
1949908
1981922
1962297
1953450
1948846
1964526
1994013
1977629
1977072
1991168
1983254
1977546
1982649
1965625
1963512
1966277
1971265
1943293
2026819
1944460
1983860
1946374
1935243
1936355
1931061
1952389
1966399
1964608
1961064
1994768
1978558
1994346
1981401
1997876
1990476
1994769
2023728
2004372
1994038
2022837
2029248
2023410
2031576
2017187
2004128
2029499
2017273
2025049
2016996
2012363
2050338
2045248
2036437
2042310
2059523
2059464
2030529
2021021
2033887
2043245
2034774
2036097
2046072
2054979
2046394
2052641
2075247
2060562
2070668
2095579
2050401
2047330
2052815
2046060
2062116
2056984
2076075
2061115
2068470
2051667
2058128
2051055
2064411
2126790
2125698
2099380
2103404
2118448
2101521
2095912
2105153
2086967
2119726
2130024
2123685
2162038
2132968
2173880
2146964
2132271
2128821
2115603
2135278
2123938
2143047
2158266
2140053
2142578
2177334
2173413
2192035
2192330
2216826
2182840
2183770
2195361
2196940
2173196
2181478
2169012
2175048
2191272
2193302
2202177
2164318
2213006
2198118
2170337
2193695
2159309
2156452
2145585
2149250
2161985
2157408
2167903
2153486
2163390
2144378
2126421
2141471
2122543
2139156
2139884
2136505
2137709
2145564
2134775
2145295
2120364
2125716
2132284
2136394
2126176
2131980
2133086
2136395
2143833
2133132
2123655
2139420
2139204
2138893
2128513
2152809
2143549
2153998
2136423
2151040
2153504
2132010
2133893
2134585
2126234
2145132
2154946
2144305
2157815
2160690
2132305
2133592
2145803
2150877
2170636
2158710
2153714
2154114
2178303
2168053
2151986
2155068
2160306
2170503
2169943
2166183
2154001
2144175
2155827
2147782
2153409
2164588
2166300
2172674
2183328
2170609
2180585
2166825
2172231
2169212
2171117
2173802
2148968
2167588
2179575
2159348
2160822
2153952
2177701
2182833
2177590
2162426
2186982
2176115
2171260
2187580
2225069
2213792
2199299
2216009
2197416
2187559
2185942
2183174
2200862
2196009
2227321
];
