aa=[13 1287640 49.7556
15 556920 45.6799
17 451648 44.1226
19 189608 42.0961
21 172408 41.5309
23 54576 40.2565
23 107936 40.5389
23 59584 40.0935
22 140664 40.9890
22 73760 40.4395
22 141608 40.9492
22 91896 40.4870
22 164728 40.9376
22 94216 40.3941
22 167360 40.9200
22 93400 40.3630
22 165936 40.8984
22 89440 40.3426
22 165384 40.8854
22 110816 40.4121
22 185968 40.8975
22 100272 40.3100
22 175552 40.8580
22 101856 40.2990
22 187704 40.8456
22 136488 40.4053
22 210536 40.8403
23 98576 39.8391
22 211880 40.7889
23 112152 39.8460
23 185496 40.2615
23 125912 39.8630
23 190424 40.2388
23 118056 39.7715
23 192448 40.2217
23 124520 39.7655
23 193456 40.2154
23 117072 39.6845
23 192832 40.1334
23 114568 39.5873
23 206632 40.0880
24 113144 39.1606
23 217664 40.0668
24 97608 39.1547
24 166624 39.5566
24 103472 39.0531
24 181208 39.5525
24 109048 39.0684
24 180224 39.5586
24 99952 39.0585
24 166032 39.5344
24 109128 39.0599
24 185376 39.5987
24 120056 39.1488
24 183128 39.6128
24 98448 39.1990
24 155600 39.6665
24 93400 39.2450
24 157632 39.6752
24 106112 39.2820
24 390856 40.5894
25 75240 38.8907
24 151392 39.6442
24 98944 39.2603
24 165752 39.6554
24 109968 39.1702
24 172312 39.5903
24 107168 39.1946
24 166176 39.5859
24 105896 39.1962
24 170176 39.5586
24 107256 39.1110
24 168608 39.5270
24 110584 39.1075
24 167952 39.4927
24 108632 39.0341
24 170496 39.5260
24 97040 39.0766
24 155720 39.5784
24 94960 39.1994
24 151752 39.6475
24 92744 39.2420
24 149312 39.7323
24 87352 39.3139
23 180616 40.2681
24 80408 39.4069
23 178032 40.2474
24 96912 39.4360
24 155344 39.7781
24 97800 39.3821
24 159016 39.7904
24 87832 39.3283
23 185120 40.2091
24 79744 39.3583
23 173096 40.1703
23 94408 39.6866
23 168296 40.1315
23 97120 39.7059
23 173392 40.1416
23 97048 39.6610
23 173064 40.1262
23 106352 39.6409
23 185856 40.1349
23 111656 39.6859
23 189224 40.1365
23 125208 39.7310
23 193072 40.1649
24 81776 39.3737
23 176808 40.1833
23 109288 39.7448
23 187120 40.2013
23 118176 39.7687
23 188312 40.2143
23 106040 39.7027
23 183792 40.1554
23 124448 39.7526
23 179352 40.1454
24 96144 39.3417
23 179928 40.1550
23 105304 39.6976
24 383600 40.5863
25 68952 38.8067
24 143568 39.6403
24 99520 39.2207
24 166384 39.6619
24 94488 39.1874
23 200840 40.0847
24 91912 39.2088
23 197528 40.0885
24 86864 39.2125
23 184080 40.0474
24 82904 39.2563
23 175984 40.0874
24 77696 39.2147
23 173856 40.0671
23 97520 39.6373
23 163904 40.0678
23 96816 39.6210
23 163168 40.0548
23 108624 39.6754
23 174608 40.0858
23 110080 39.6534
23 163592 40.0748
23 108488 39.6812
23 167304 40.0832
23 105512 39.6818
23 156600 40.1319
23 108872 39.7426
23 149152 40.1258
23 106176 39.7607
23 154648 40.1641
23 103800 39.7700
23 162064 40.1884
23 104704 39.7377
23 167224 40.2015
23 100856 39.7345
23 154808 40.1543
23 105224 39.7019
23 161760 40.1601
23 102904 39.6950
23 153576 40.1420
23 102376 39.6997
23 149912 40.1781
23 105584 39.6990
23 162960 40.1578
23 116184 39.7066
23 163432 40.1353
23 113856 39.7346
23 173816 40.1671
23 106968 39.7517
23 175080 40.1918
23 101304 39.7035
23 169032 40.1648
23 96544 39.7078
23 165328 40.1460
23 95640 39.6515
23 164168 40.1163
23 99216 39.6345
23 176888 40.1373
23 100544 39.6613
24 400312 40.5684
24 76896 39.1633
24 123424 39.6170
23 101688 39.5948
23 163320 40.1185
23 85624 39.6627
23 154448 40.1909
23 69016 39.6551
23 139776 40.2114
23 84816 39.7525
23 142168 40.2459
23 87552 39.8407
23 132544 40.3032
23 66080 39.8215
22 168512 40.8709
22 83912 40.3029
22 159904 40.8735
22 98320 40.3398
22 173024 40.8473
22 116544 40.4355
22 158696 40.8481
22 101928 40.3795
22 163720 40.8724
22 97504 40.3657
22 165832 40.9197
22 86160 40.4231
22 157912 40.9505
22 101608 40.4750
22 147232 40.9518
22 89008 40.5030
22 149584 41.0067
22 82936 40.5316
22 145776 41.0622
22 73424 40.5400
22 132840 41.0977
22 70792 40.5962
22 139544 41.1460
22 79416 40.6836
22 128728 41.1613
22 70160 40.6322
22 130712 41.1427
22 65704 40.6539
22 127440 41.1622
22 64648 40.6568
21 168864 41.6758
22 62552 40.7162
21 159432 41.6709
21 91576 41.1660
21 158376 41.7133
21 94672 41.2521
21 151448 41.7319
21 77576 41.1977
21 147128 41.7545
21 79224 41.2049
21 150984 41.7317
21 95024 41.2845
21 159336 41.7429
21 92872 41.2474
21 161480 41.7516
21 85328 41.2249
22 404128 42.1199
23 51312 40.2481
22 142408 41.1896
22 79008 40.7278
22 130472 41.1956
21 106384 41.1656
21 170168 41.6855
21 97656 41.2024
21 161456 41.7140
21 89584 41.2226
21 157856 41.7549
21 79264 41.1784
21 149200 41.7372
21 82096 41.2178
21 157776 41.7655
21 87472 41.2470
21 153832 41.7823
21 83192 41.2685
21 143224 41.7607
21 80032 41.2438
21 143112 41.7758
21 75688 41.2752
21 140456 41.8184
21 70072 41.2817
21 130632 41.8149
21 65496 41.2607
21 135120 41.8334
21 74824 41.3474
21 138472 41.8464
21 72880 41.3477
21 130216 41.8380
21 69192 41.3195
21 136856 41.8856
21 72248 41.3825
21 132136 41.8663
21 76952 41.4112
20 169640 42.3611
21 61552 41.3949
20 162032 42.3628
20 87920 41.8473
20 160736 42.3893
20 94176 41.8790
20 155560 42.3847
20 80824 41.8265
20 154752 42.4103
20 79944 41.8439
20 149728 42.4120
20 83416 41.8513
20 153560 42.4379
20 84424 41.8910
20 154288 42.4353
20 89040 41.8860
20 158720 42.4388
20 87968 41.8677
20 156400 42.3963
20 92512 41.8747
20 159864 42.4329
20 89840 41.8718
20 163424 42.4149
20 93432 41.8772



21 579584 42.5547
23 51488 39.8471
25 65032 39.5486
27 23072 38.6605
28 43352 38.7418
27 27336 38.2950
26 75256 39.0565
27 24488 38.2960
26 67984 38.9652
26 32312 38.4999
26 72552 38.8907
26 37384 38.2743
26 87808 38.8832
26 37392 38.2722
26 87392 38.8329
26 39624 38.2215
26 87488 38.7677
26 41880 38.2845
26 89648 38.7593
27 34592 37.7875
26 100792 38.7459
27 35248 37.8934
27 74360 38.2932
27 39224 37.7307
27 88552 38.1678
27 49896 37.5028
27 99736 38.1626
27 46992 37.4815
27 101760 38.0341
28 40504 36.9282
27 108592 38.0095
28 41816 36.9378
28 90968 37.5530
28 42032 36.7754
28 95496 37.5209
28 44016 36.7221
28 96200 37.4512
28 41512 36.6762
28 95984 37.3429
29 34440 36.2927
28 104520 37.2676
29 39440 36.0402
29 90632 36.7714
29 39488 36.0172
29 87224 36.6679
29 38704 35.8955
29 91856 36.6463
29 38152 35.8692
29 89848 36.6655
29 35656 35.9306
29 81384 36.6344
29 39872 35.8705
29 91296 36.6538
29 41400 35.8721
29 91000 36.7086
29 37248 36.1049
29 77288 36.8240
29 34248 36.1574
29 77240 36.8377
29 35728 36.0417
29 234488 37.5654
30 29096 36.1069
30 62128 36.6262
30 29984 35.7812
29 83944 36.8221
30 31960 35.6805
29 86808 36.7433
30 33016 35.7119
29 85424 36.7804
30 31672 35.7032
29 83968 36.6660
30 33976 35.6446
29 85376 36.6381
30 35328 35.6692
29 82696 36.6010
30 33000 35.5763
29 85680 36.6536
30 28888 35.7241
29 77888 36.7170
29 35744 36.1316
29 75800 36.8496
29 36168 36.2606
29 73112 36.9646
29 32240 36.3409
29 70768 37.0181
29 30528 36.3417
29 74312 36.9550
29 41512 36.3410
29 82752 36.9190
29 40616 36.3238
29 81632 36.8694
29 34080 36.2354
29 77336 36.8805
29 28568 36.1721
29 71760 36.8260
29 29936 36.2023
29 71792 36.7767
29 31000 36.1629
29 74040 36.6918
29 30448 36.0784
29 75240 36.7215
29 32696 36.0284
29 80576 36.6834
29 35152 36.0100
29 82136 36.7018
29 36024 35.9571
29 83048 36.7291
29 31528 36.1336
29 75624 36.7698
29 32256 36.0764
29 79848 36.7767
29 32672 36.0197
29 81168 36.7690
29 30760 36.0544
29 80608 36.7648
29 32808 35.9053
29 76160 36.7132
29 33480 35.9536
29 75784 36.7083
29 27752 35.9979
30 204896 36.9596
30 23016 35.7016
30 55744 36.3418
29 34904 35.8100
29 86128 36.6911
29 31456 35.9714
29 83056 36.7236
29 31232 35.9229
29 81512 36.6828
29 29976 35.9683
29 74120 36.6641
29 29368 36.0299
