test_sad22_seq=[34	77888	32.0307
34	1160	30.8225
36	3608	30.7158
38	560	29.7637
40	2208	29.6292
42	368	28.6266
44	936	28.4745
46	216	27.6257
45	1184	27.6925
44	328	27.0874
44	2040	27.5259
44	288	26.9616
43	2320	27.4979
43	328	27.0215
42	2528	27.5815
42	376	27.0933
42	2096	27.3505
42	352	26.8631
41	3888	27.4973
41	456	27.0148
41	3112	27.4117
41	488	26.969
40	4584	27.5901
41	368	27.0844
40	3984	27.5853
40	448	27.0467
40	4080	27.5432
40	544	27.0557
40	3512	27.4116
40	408	26.9735
40	3848	27.3982
40	520	26.9358
39	7312	27.7958
40	352	27.2684
39	4736	27.7207
40	456	27.1933
39	5656	27.7701
40	512	27.2023
39	4720	27.6419
39	680	27.1579
39	5176	27.6275
39	520	27.2037
39	4312	27.5383
39	568	27.1456
39	4736	27.495
39	680	27.0229
39	5032	27.5365
39	552	27.1095
39	5128	27.5287
39	584	27.1345
39	4632	27.4981
39	560	27.0475
39	5864	27.5743
39	568	27.0822
39	4592	27.5181
39	624	27.0742
39	5408	27.4832
39	608	26.9971
39	5056	27.4714
39	624	26.9807
39	49504	28.1511
41	360	27.5154
41	1632	27.4474
41	552	27.0172
41	2824	27.289
41	480	26.8017
40	4232	27.3199
40	480	26.8655
40	3576	27.1772
40	584	26.7338
40	4112	27.1588
40	408	26.7776
40	3248	27.1013
40	408	26.7348
40	3568	27.0565
40	448	26.6304
40	3608	26.9531
40	448	26.6059
40	3880	26.9967
40	456	26.5843
40	4128	26.9535
40	424	26.512
40	3792	26.8744
40	456	26.4993
40	4384	26.9598
40	456	26.533
39	7000	27.2982
40	368	26.7785
39	6472	27.4222
40	472	26.8873
39	5760	27.4317
39	536	27.0059
39	4104	27.3167
39	600	26.878
39	5808	27.425
39	544	26.9971
39	4168	27.2985
39	624	26.8884
39	4744	27.2954
39	536	26.898
39	5040	27.3594
39	568	26.9294
39	4832	27.2956
39	504	26.8366
39	5560	27.3608
39	416	26.9464
39	4080	27.247
39	520	26.8199
39	5808	27.3717
39	496	26.9286
39	4688	27.2923
39	536	26.8849
39	5328	27.308
39	544	26.8506
39	6328	27.4004
39	528	26.8948
39	4880	27.3304
39	592	26.8748
39	5576	27.3389
39	560	26.8472
39	48584	28.1679
41	376	27.4136
40	2448	27.6356
40	680	27.1557
40	3808	27.527
40	440	27.066
40	3728	27.3979
40	480	26.9383
40	3552	27.2481
40	496	26.7603
40	4512	27.2205
40	480	26.7617
40	4024	27.1653
40	440	26.6748
40	3904	27.0386
40	384	26.5652
40	4480	26.9878
40	272	26.5457
40	4232	26.9698
40	448	26.5618
40	4176	26.8711
40	432	26.4861
40	4120	26.8282
40	432	26.4368
39	6976	27.1924
40	360	26.7008
39	5736	27.2257
40	456	26.7263
39	4992	27.2086
39	560	26.817
39	6272	27.3154
39	560	26.838
39	5544	27.3189
39	600	26.8948
39	5648	27.3541
39	576	26.885
39	4416	27.2454
39	544	26.8794
39	5144	27.3079
39	456	26.9107
39	4872	27.3023
39	560	26.9141
39	4992	27.2938
39	480	26.9501
39	4120	27.2492
39	512	26.884
39	4880	27.2858
39	520	26.9096
39	4816	27.2808
39	544	26.8202
39	5552	27.3046
39	480	26.8169
39	5456	27.2634
39	512	26.7581
39	5088	27.1741
39	680	26.7688
39	6088	27.1945
39	712	26.6973
39	6104	27.2232
39	704	26.7307
39	50256	27.888
41	448	27.0885
40	2384	27.3953
40	784	26.9335
40	3912	27.2793
40	776	26.7924
40	4104	27.0941
40	824	26.6311
40	4584	26.9824
40	584	26.4607
40	4096	26.8567
40	720	26.3875
40	4704	26.7643
40	592	26.3034
40	4712	26.7505
40	648	26.2402
40	4768	26.6714
40	616	26.2038
40	4680	26.5815
40	584	26.1211
40	4928	26.5492
40	584	26.1073
40	4616	26.5005
40	576	26.0267
40	5368	26.5076
40	616	26.0496
40	5312	26.5457
40	696	26.1107
40	4968	26.5272
40	560	26.1034
40	4904	26.4692
40	600	26.0569
40	4824	26.4534
40	560	26.0355
40	4768	26.437
40	616	26.0491
40	4520	26.3634
40	696	25.992
40	5256	26.3461
40	736	25.9261
40	5136	26.3737
40	640	26.02
40	4552	26.3049
40	552	25.9285
40	4656	26.28
40	632	25.8876
40	4680	26.2523
40	616	25.9113
40	4896	26.2769
40	616	25.9747
40	5032	26.3374
40	592	25.9976
40	4032	26.2881
40	600	25.9054
40	4400	26.2217
40	576	25.8275
40	5344	26.2883
40	592	25.9163
40	5144	26.2931
40	592	25.8823
40	46024	26.9816
41	440	26.3455
41	1968	26.6308
40	536	26.2461
40	4184	26.6327
40	544	26.2143
40	3936	26.5782
40	536	26.1877
40	4528	26.606
40	608	26.2013
40	3624	26.5385
40	592	26.1629
40	3744	26.4951
40	584	26.2124
40	3824	26.4806
40	472	26.0921
40	3824	26.4921
40	416	26.1439
40	4136	26.5207
40	504	26.1985
40	3624	26.5237
40	400	26.1841
40	3256	26.4426
40	480	26.1576
40	4008	26.4968
40	416	26.1557
40	3872	26.5537
40	392	26.1808
40	4048	26.5668
40	384	26.2085
40	3256	26.4916
40	440	26.1414
40	3824	26.5018
40	512	26.1885
40	3576	26.4586
40	464	26.1471
40	4872	26.5798
40	360	26.2591
39	7288	26.9933
40	424	26.6005
39	4944	27.0627
39	448	26.6461
39	4984	27.0356
39	552	26.696
39	4968	27.1038
39	456	26.7428
39	4704	27.1279
39	408	26.7234
39	4496	27.129
39	480	26.7431
39	4384	27.1322
39	344	26.7735
39	4480	27.1595
39	384	26.804
39	3312	27.1077
39	488	26.7395
39	4880	27.1863
39	488	26.8095
39	4536	27.2309
39	448	26.8451

];
