aa=[33	33	33	33	33	33	33	32	34	33	33	33	34	33	32	33	33	33	32	34	33	33	33	33	32	32	33	33
34	35	34	34	34	34	34	33	34	34	34	34	35	34	33	34	34	33	33	35	34	34	34	34	33	33	34	33
35	35	35	35	35	35	35	34	35	35	35	35	36	35	34	35	35	35	35	36	35	34	35	35	34	34	35	35
36	36	36	36	36	36	36	36	37	36	36	36	37	36	36	36	36	36	36	37	36	35	36	36	35	35	36	35
37	37	37	37	37	37	37	36	37	37	37	37	38	37	37	37	37	37	37	38	37	36	37	37	36	36	37	37
38	38	38	38	38	38	38	37	38	38	38	38	39	38	38	38	39	38	37	39	38	37	38	38	37	37	38	37
38	38	38	38	38	38	38	37	38	38	38	38	39	38	37	38	39	38	37	39	38	37	38	38	37	37	38	38
39	39	39	39	39	39	39	38	39	39	39	39	40	39	38	39	39	39	38	40	39	38	39	39	38	38	39	39
37	37	37	37	37	37	37	36	37	37	37	37	38	37	36	37	38	37	36	38	37	36	37	37	36	36	37	37
38	38	38	38	38	38	38	37	38	38	38	38	39	38	37	38	39	38	37	39	38	37	38	38	37	37	38	38
36	36	36	36	36	36	36	35	37	36	36	36	37	36	35	36	37	36	35	37	36	35	36	36	35	35	36	36
37	37	37	37	37	37	37	36	37	37	37	37	38	37	36	37	37	37	36	38	37	36	37	36	36	36	37	37
36	36	36	36	36	36	36	35	36	36	36	36	37	36	35	36	36	36	35	37	36	35	36	35	35	35	36	36
37	37	37	37	37	37	37	36	37	37	37	37	38	37	36	37	37	37	36	38	37	36	37	36	36	36	37	37
35	35	35	35	35	35	35	34	35	35	35	35	36	35	34	35	35	35	34	36	35	34	36	34	34	34	35	34
36	36	36	36	36	36	36	35	36	36	36	36	37	36	35	37	36	36	35	37	36	35	37	35	35	35	36	35
35	35	35	35	35	35	35	34	36	35	35	35	36	35	34	35	35	35	35	36	35	34	35	34	34	34	35	35
36	36	36	36	36	36	36	35	37	36	36	36	37	36	35	37	36	36	36	37	36	35	37	35	35	35	36	35
35	35	35	35	35	35	35	34	36	35	35	35	36	35	34	36	35	35	35	36	35	34	35	34	34	34	35	35
36	36	36	36	36	36	36	35	37	36	36	36	37	36	35	37	36	36	36	37	36	35	36	35	35	35	36	35
35	35	35	35	35	35	35	34	36	35	35	35	36	35	34	36	35	35	35	36	35	34	35	34	34	34	35	34
36	36	36	36	36	36	36	35	37	36	36	36	37	36	35	37	36	36	36	37	36	35	36	35	35	35	36	35
35	35	35	35	35	35	35	34	36	35	35	35	36	35	34	36	35	35	35	36	35	34	35	34	34	34	35	34
36	36	36	36	36	36	36	35	37	36	36	36	37	36	35	37	36	36	36	37	36	35	36	35	35	35	36	35
34	34	34	34	34	34	34	33	35	34	34	34	35	34	33	35	34	34	34	35	34	33	34	33	33	33	34	34
35	35	35	35	35	35	35	34	36	35	35	35	36	35	34	36	35	35	35	36	35	34	35	34	34	34	35	35
34	34	34	34	34	34	34	33	35	34	34	34	35	34	33	35	34	34	34	35	34	33	34	33	33	33	34	34
35	35	35	35	35	35	35	34	36	35	35	35	36	35	34	36	35	35	35	36	35	34	35	34	34	34	35	34
34	34	34	34	34	34	34	33	35	34	34	34	35	34	33	35	34	34	34	35	34	33	34	33	33	33	34	34
35	35	35	35	35	35	35	34	36	35	35	35	36	35	34	36	35	35	35	36	35	34	35	34	34	34	35	34
34	34	34	34	34	34	34	33	35	34	34	34	35	34	33	35	34	34	34	35	34	33	34	33	33	33	34	34
35	35	35	35	35	35	35	34	36	35	35	35	36	35	34	36	35	35	35	36	35	34	35	34	34	34	35	35
34	34	34	34	34	34	34	33	35	34	34	34	35	34	33	35	34	34	34	35	34	33	34	33	33	33	34	34
35	35	35	35	35	35	35	34	36	35	35	35	36	35	34	36	35	35	35	36	35	34	35	34	34	34	35	34
34	34	34	34	34	34	34	33	35	34	34	34	35	34	33	35	34	34	34	35	34	33	34	33	33	33	34	34
35	35	35	35	35	35	35	34	36	35	35	35	36	35	34	36	35	35	35	36	35	34	35	34	34	34	35	34
34	34	34	34	34	34	34	33	35	34	34	34	35	34	33	35	34	34	34	35	34	33	34	33	33	33	34	34
35	35	35	35	35	35	35	34	36	35	35	35	36	35	34	36	35	35	35	36	35	34	35	34	34	34	35	35
34	34	34	34	34	34	34	33	35	34	34	34	35	34	33	35	34	34	34	35	34	33	34	33	33	33	34	34
35	35	35	35	35	35	35	34	36	35	35	35	36	35	34	36	35	35	35	36	35	34	35	34	34	34	35	34
34	34	34	34	34	34	34	33	35	34	34	34	35	34	33	35	34	34	34	35	34	33	34	33	33	33	34	34
35	35	35	35	35	35	35	34	36	35	35	35	36	35	34	36	35	35	35	36	35	34	35	34	34	34	35	34
34	34	34	34	34	34	34	33	35	34	34	34	35	34	33	35	34	34	34	35	34	33	34	33	33	34	34	33
35	35	35	35	35	35	35	34	36	35	35	35	36	35	34	36	35	35	35	36	35	34	35	34	34	35	35	34
34	34	34	34	34	34	34	33	35	34	34	34	35	34	33	35	34	34	34	35	34	33	34	33	33	34	34	33
35	35	35	35	35	35	35	34	36	35	35	35	36	35	34	36	35	35	35	36	35	34	35	34	34	35	35	35
34	34	34	34	34	34	34	33	35	34	34	34	35	34	33	35	34	34	34	35	34	33	34	33	33	34	34	34
35	35	35	35	35	35	35	34	36	35	35	35	36	35	34	36	35	35	35	36	35	34	35	34	34	35	35	35
35	35	35	35	35	35	35	34	36	35	35	35	36	35	34	36	35	35	35	36	35	34	35	34	34	35	35	35
36	36	36	36	36	36	36	35	37	36	36	37	37	36	35	37	36	36	36	37	36	35	36	35	35	36	36	36
35	35	35	35	35	35	35	34	36	35	35	36	36	35	34	36	35	35	35	36	35	34	35	34	34	35	35	35
37	38	37	37	37	37	37	37	38	36	37	38	37	37	37	37	37	37	37	38	37	37	37	36	36	37	37	37
36	36	36	36	36	36	36	35	37	36	36	37	37	36	35	37	36	36	36	37	36	35	36	35	35	36	36	36
37	37	37	37	37	37	37	36	38	37	37	38	38	37	36	38	37	37	37	38	37	36	37	36	36	37	37	37
36	36	36	36	36	36	36	35	37	36	36	37	36	35	35	37	36	36	36	37	36	35	36	35	35	36	36	36
37	37	37	37	37	37	37	36	38	37	37	38	38	36	36	38	37	37	37	38	37	36	37	36	36	36	37	37
36	36	36	36	36	36	36	35	37	36	36	37	36	35	35	37	36	36	36	37	36	35	36	35	35	36	36	36
37	37	37	37	37	37	37	36	38	37	37	38	37	36	36	38	37	37	37	38	37	36	37	36	36	36	37	37
36	36	36	36	36	36	36	35	37	36	36	37	36	35	35	37	36	36	35	37	36	35	36	35	35	35	36	36
37	38	37	37	37	37	37	36	38	37	37	38	38	36	36	38	37	37	37	38	37	36	37	36	36	36	37	37
36	36	36	36	36	36	36	35	37	36	36	36	36	35	35	37	36	36	36	37	36	35	36	36	35	35	36	36
37	38	37	37	37	37	37	36	38	37	37	37	37	37	36	38	37	37	37	38	37	36	37	37	36	36	37	37
36	36	36	36	36	36	36	35	37	36	36	36	36	35	35	37	36	36	36	37	36	35	36	36	35	35	36	36
37	37	37	37	37	37	37	36	38	37	37	37	38	37	36	38	37	37	36	38	37	36	37	37	36	36	37	37
36	36	36	36	36	36	36	35	37	36	36	36	37	35	35	37	36	36	36	37	36	35	36	36	35	35	36	36
37	38	37	37	37	37	37	36	38	37	37	37	38	36	36	38	37	37	36	38	37	36	37	37	36	36	37	37
36	36	36	36	35	36	36	35	37	36	36	36	37	35	35	37	36	36	35	37	36	35	36	36	35	35	36	36
37	37	37	37	36	37	37	36	38	37	37	36	38	36	36	38	37	37	36	38	37	36	37	37	36	36	37	37
36	36	36	36	35	36	36	35	37	36	36	35	37	36	35	37	36	36	36	37	36	35	36	36	36	35	36	36
37	37	37	37	36	36	37	36	38	38	37	36	38	37	36	38	38	37	36	37	37	36	37	37	37	36	37	37
36	36	36	36	36	36	36	35	37	37	36	36	37	36	35	37	37	36	36	36	37	35	36	36	36	35	36	36
37	37	37	37	37	36	37	36	38	38	37	37	38	37	36	38	38	37	37	37	37	36	37	37	37	36	37	37
37	37	37	37	37	36	37	36	38	38	37	37	37	37	36	38	38	37	37	37	38	36	37	37	37	36	36	37
38	38	38	38	38	37	38	37	38	39	38	38	38	38	37	39	39	38	38	38	39	37	38	38	38	37	37	38
37	37	37	37	37	36	37	36	37	38	38	37	37	37	36	37	38	37	37	37	38	36	36	37	37	36	36	37
38	38	38	38	38	37	38	37	38	39	39	38	38	38	37	38	39	38	38	38	39	37	38	37	38	38	37	38
37	37	37	37	37	36	37	36	37	38	38	37	37	37	36	37	38	37	37	37	38	36	37	36	36	37	36	37
38	38	38	38	38	37	37	37	38	39	39	38	38	38	37	38	39	38	38	38	39	37	38	37	37	38	37	38
38	38	38	38	38	37	37	37	38	39	39	38	38	38	37	38	39	39	38	38	39	37	37	38	37	38	37	38
39	39	39	39	39	38	38	38	39	40	40	39	39	39	38	39	40	40	39	39	40	38	38	39	38	39	38	39
38	38	38	38	38	37	37	37	38	39	39	39	38	38	37	38	39	39	38	38	39	37	37	38	37	38	37	38
39	39	39	39	39	38	38	38	39	39	40	40	39	39	38	39	40	40	39	39	40	38	38	39	38	39	38	39
39	39	39	39	39	39	38	38	39	39	40	40	39	39	38	39	40	40	39	39	39	38	38	39	38	39	38	39
40	40	40	40	40	39	39	39	40	40	41	41	40	40	39	40	41	41	40	40	40	39	39	40	39	40	39	40
39	39	39	39	39	39	38	38	39	40	40	40	39	39	38	39	40	40	39	39	39	38	39	39	38	39	38	39
40	40	40	40	40	40	39	39	40	41	41	40	40	39	39	40	41	41	41	41	40	39	39	40	39	40	40	39
39	39	39	39	39	39	38	38	39	40	40	39	39	38	38	39	40	40	40	39	39	38	38	39	38	39	38	38
40	39	40	40	40	39	39	39	40	40	41	41	40	39	39	40	41	41	41	41	40	39	39	40	39	40	39	39
39	39	39	39	39	39	38	38	39	39	40	40	39	39	38	39	40	40	40	39	39	38	38	39	39	39	38	38
40	40	40	40	40	39	39	39	40	40	41	41	40	39	39	40	41	41	41	40	40	39	39	40	40	40	39	39
39	39	39	39	39	38	38	38	39	40	40	40	39	39	38	39	40	40	40	39	39	38	38	39	39	39	38	38
40	40	40	40	40	39	39	39	40	41	41	41	40	40	39	40	41	41	41	40	40	39	40	40	40	40	39	39
39	39	39	39	39	38	38	38	39	40	40	40	39	39	38	39	40	40	40	39	39	38	39	39	39	39	38	38
40	40	40	40	40	39	39	39	40	41	41	41	40	40	39	40	41	41	41	40	40	39	40	39	40	40	39	39
