aa=[32	417128	32.7581	32	417128	32.7581
36	120	32.7581	36	120	32.7581
35	120	32.7581	35	120	32.7581
40	7536	28.8419	40	7536	28.8419
38	42768	29.9428	38	42768	29.9428
42	4736	27.5327	42	4736	27.5327
41	27656	28.482	41	27656	28.482
44	3240	26.5533	44	3240	26.5533
43	18064	27.3743	43	18064	27.3743
45	2264	25.9205	45	2264	25.9205
44	16216	26.6863	44	16216	26.6863
47	1280	25.3481	46	1640	25.4679
45	12328	26.144	44	15216	26.3601
47	1224	25.0131	45	2032	25.3787
46	10216	25.6366	44	16240	26.2026
47	1152	24.6411	46	1632	25.0667
47	8104	25.0521	44	16472	25.9688
47	1152	24.2791	45	1880	24.9828
46	11408	25.1927	44	16312	25.8945
46	1448	24.5202	46	1480	24.8906
46	10112	25.1628	44	15792	25.8775
46	1128	24.465	45	1640	24.8882
46	10032	25.1055	44	16800	25.8692
46	1416	24.4134	45	2008	24.9519
45	14440	25.4436	44	16352	25.8971
46	1608	24.667	45	2192	25.0112
45	66208	23.9534	44	79320	24.4981
47	1240	23.2679	49	800	23.4894
47	7408	23.506	47	7176	23.8782
47	976	23.0201	46	1544	23.4298
46	10136	23.6843	44	16296	24.3526
46	1416	23.2703	46	1504	23.7514
45	11896	23.9166	44	13560	24.4627
44	2536	23.6221	45	2160	23.9834
43	24352	24.5123	44	12624	24.5071
44	2056	24.1673	45	1888	24.1482
42	26568	25.1748	42	26664	25.2694
43	3120	24.8469	45	2224	24.806
41	31472	25.7454	43	12384	25.2235
42	3024	25.3177	43	2408	24.8659
41	18744	25.8064	40	50648	26.4312
41	3440	25.4112	45	1576	25.6909
40	35168	26.3685	42	11280	26.1446
41	3832	25.9044	42	3152	25.6967
39	43704	26.9751	40	25088	26.4622
41	4304	26.3765	42	3384	25.8759
40	18512	26.7127	40	21928	26.416
40	6784	26.189	41	5424	25.8112
37	88000	28.1856	39	44640	26.8711
43	3712	26.7804	42	4104	25.9904
40	21112	27.4848	39	32480	26.8419
42	3992	26.3645	41	5096	25.9785
42	108200	25.8715	43	92496	25.2495
46	1672	24.8323	47	1336	24.3386
45	9472	25.1851	45	9560	24.756
45	1840	24.5849	44	2552	24.301
44	12080	25.1978	41	34088	25.5754
43	2824	24.746	43	2872	24.9336
42	19800	25.5207	41	22328	25.6019
42	3352	24.9722	41	4024	25.0656
42	18288	25.5078	39	62856	26.7026
42	3448	24.9725	44	2528	25.6704
41	26664	25.7362	42	15448	26.1796
41	4384	25.2059	41	4488	25.5996
40	36784	26.1803	40	29720	26.5095
41	5056	25.5729	42	4120	25.7632
40	28056	26.2654	40	26232	26.4975
41	4872	25.6012	41	4832	25.8172
38	73552	27.4535	39	41968	26.8861
42	4032	26.4714	42	3728	26.038
41	17640	26.9925	40	21888	26.7391
41	4792	26.4215	41	4512	26.1285
40	23288	27.1101	39	36032	27.1039
41	5016	26.4773	41	4888	26.4301
40	22448	27.0973	40	20960	26.9359
40	6528	26.5939	40	6552	26.4442
37	74816	28.4203	37	77712	28.3601
42	4744	27.4559	43	4112	27.3442
41	117424	26.8044	41	117424	26.8044
46	2792	25.8743	47	2264	25.7376
44	9480	26.2315	44	9480	26.2315
44	3824	25.7606	45	3168	25.6582
44	9784	26.1326	43	11976	26.2566
43	3720	25.7998	44	3056	25.7807
43	11376	26.1879	42	13216	26.3244
42	4688	25.848	42	4888	25.9535
42	15056	26.2583	41	19120	26.4394
41	5304	25.9368	41	5136	26.0535
41	18944	26.3823	40	26384	26.7292
41	4784	25.9938	41	4608	26.2195
40	26800	26.7264	39	36720	27.1991
40	5616	26.2843	41	4680	26.5679
37	89664	28.3604	40	19744	26.904
42	4104	27.2188	40	6288	26.4164
40	17160	27.7308	39	33416	27.1391
41	5792	26.8566	41	5680	26.3407
41	19416	27.3478	39	30408	27.098
41	6520	26.5675	40	7608	26.3943
40	26120	27.3614	39	33392	27.1139
40	7072	26.6254	41	5752	26.2473
40	24856	27.2073	39	32536	27.1058
40	7552	26.5038	40	7304	26.3601
40	25784	27.0824	38	52368	27.5642
40	8080	26.36	41	6424	26.4767
39	168616	27.847	41	126208	26.5081
44	3584	26.255	45	2680	25.2893
43	14024	26.8674	44	11048	25.8138
44	2800	25.8525	44	2768	25.0609
43	14720	26.6326	42	19000	26.0145
43	3600	25.8759	42	4296	25.3959
43	13672	26.5355	41	21904	26.1655
43	3576	25.8366	42	4368	25.5019
42	17416	26.616	40	30040	26.4396
42	3832	25.875	42	3880	25.6041
41	20968	26.6926	40	25448	26.4202
41	4448	26.0825	41	4464	25.7895
41	20232	26.7045	39	43568	26.9468
41	4896	26.1449	42	3776	26.1198
40	26320	26.9228	40	21504	26.7513
40	5672	26.3026	41	4368	26.0222
40	23152	26.8849	39	32944	26.9623
40	5256	26.2756	41	4232	26.1835
37	76944	28.2585	39	28920	27.0179
41	4016	27.0595	41	4080	26.1968
39	23920	27.8063	39	29664	27.0418
41	5000	26.9115	41	5096	26.2972
40	21120	27.4908	39	29160	27.0094
40	4576	26.8238	40	4776	26.4036
40	21504	27.4103	39	28840	27.0905
40	5272	26.724	40	5160	26.4398
39	166640	27.9217	41	123680	26.56
44	2144	26.4942	45	1704	25.5384
43	13136	26.9691	44	10704	25.912
43	2984	26.1029	43	3200	25.3584
43	15080	26.7275	41	25072	26.3126
43	2800	25.8466	42	3744	25.5878
42	19800	26.7543	40	30880	26.5328
42	3808	26.0002	42	3688	25.7369
42	18624	26.6877	40	26704	26.5483
42	4024	25.9635	41	5008	25.8502
41	24320	26.8377	40	30008	26.6228
41	6536	26.2091	41	6728	25.9571
41	24432	26.8778	40	28568	26.685
41	6280	26.2301	42	4896	25.8577
41	23352	26.8851	40	28024	26.7256
41	6152	26.27	41	6032	26.0266
40	29040	27.0663	40	28224	26.7242
41	5296	26.2795	41	5312	26.0043
40	29080	27.0505	40	29192	26.7108
40	5944	26.3295	41	4848	25.9202
40	29880	26.9405	39	47616	27.0696
40	6776	26.1413	42	4296	25.9402
40	30344	26.8722	40	28016	26.7801
40	8136	26.2366	41	6552	26.0042
38	62816	27.7436	39	43088	27.0809
41	7288	26.6865	42	5800	26.0817
41	122240	26.6849	41	122240	26.6849
44	3528	25.5488	46	2360	25.3215
44	12384	25.889	44	12384	25.889
43	3856	25.2011	44	3088	25.1025
43	17104	25.8746	42	20752	26.0633
43	4160	25.3247	43	4248	25.4327
42	20776	26.1408	41	25168	26.368
42	4680	25.5086	42	4808	25.6382
42	19416	26.1127	41	23952	26.3666
42	4912	25.5549	42	4816	25.7284
42	18736	26.071	40	31168	26.6251
42	5488	25.4085	42	5408	25.7502
41	28472	26.2408	41	23904	26.3921
41	7528	25.643	42	5904	25.6018
41	25288	26.2478	41	24928	26.357
41	7136	25.6711	42	5752	25.6203
41	24544	26.31	40	32808	26.6977
41	6856	25.8163	42	5784	25.9814
40	34184	26.7863	40	27800	26.8175
41	7808	26.1697	41	7584	26.1756
40	27144	26.8334	40	26696	26.8525
41	7656	26.2232	42	6016	26.11
40	27648	26.916	41	22064	26.7377
40	9568	26.3968	42	6144	26.0163
40	28232	27.0119	40	29624	27.0181
40	9400	26.477	41	7856	26.3671
39	148048	28.3829	39	148048	28.3829
44	4496	26.6864	45	3784	26.4802
43	16064	27.3411	43	16064	27.3411
43	5456	26.4121	44	4336	26.2654
43	17608	26.984	43	17608	26.984
43	5456	26.2067	44	4280	26.0651
42	20432	26.9834	42	20432	26.9834
42	7344	26.2708	43	5888	26.0915
42	21768	26.7988	42	21768	26.7988
42	7336	25.9458	43	5912	25.7662
42	23208	26.6289	41	29840	26.8847
42	7072	25.7793	43	5496	25.7428
41	30032	26.757	41	28048	26.7773
42	5936	25.805	42	5832	25.8073
41	28616	26.6946	41	28216	26.6951
42	5304	25.7688	42	5584	25.7494
41	28464	26.6512	40	37792	26.9886
41	7200	25.862	42	5640	25.8766
41	28192	26.6103	40	33064	26.9638
41	6920	25.8315	42	5192	25.8779
41	26568	26.6199	40	31832	27.0229
41	6936	25.8361	42	5680	25.9857
41	26552	26.6039	40	30888	26.9906
41	6096	25.8613	42	5008	25.939
40	35856	26.9696	40	31072	27.0201
41	6176	26.1452	41	6416	26.2328
41	114016	26.9006	41	114016	26.9006
43	4064	25.8545	45	2600	25.5526
43	14680	26.3686	44	12184	26.2214
43	3920	25.6585	43	3640	25.5179
42	19400	26.4174	42	19744	26.3853
42	5616	25.8612	43	4584	25.6804
42	20296	26.4344	41	26792	26.6465
42	4344	25.8063	42	4448	25.9006
41	24016	26.5761	40	30048	26.8858
41	4688	25.9539	42	3584	26.0196
41	21480	26.5285	40	26456	26.8943
41	4432	25.9819	42	3624	26.0906
40	29704	26.8812	40	25192	26.9294
41	3912	26.1993	41	4136	26.2123
40	24384	26.8743	39	39992	27.3567
40	5208	26.2989	42	3056	26.4674
38	61344	27.9054	40	20904	27.1145
41	4272	26.9673	40	5072	26.5311
40	19000	27.4407	39	32192	27.3199
40	5056	26.7981	41	3960	26.5549
40	21032	27.2497	39	30440	27.3125
40	5680	26.6498	40	5608	26.6531
38	46456	27.8355	39	28968	27.2995
40	6104	26.9917	40	6000	26.6058
40	22040	27.4075	36	101768	29.0615
40	6240	26.7359	43	3400	27.3241
39	154584	28.1545	41	114632	26.8128
44	2456	26.689	47	1064	25.4771
