aa=[817.1667	2.1458375	32.9078		817.156	2.1445	32.9064		826.4253	3.3031625	32.9428		836.1213	4.5151625	32.9785
822.632	2.829	32.3587		822.6027	2.8253375	32.3582		836.7013	4.5876625	32.4468		846.3653	5.7956625	32.4863
211.4027	5.70135	30.5032		212.504	6.252	30.5377		218.112	9.056	30.6535		222.7493	11.37465	30.7179
202.7493	1.37465	28.1724		202.98	1.49	28.1781		205.2027	2.60135	28.1854		206.7	3.35	28.1907
746.7392	-6.6576	32.0756		747.016	-6.623	32.0728		733.6848	-8.2894	31.9888		726.3424	-9.2072	31.9605
201.12	0.56	26.8914		202.0384	1.0192	26.8976		204.0304	2.0152	26.9529		206.312	3.156	26.9858
4046.1587	1.1539675	34.795		4048.5467	1.2136675	34.7859		4079.8573	1.9964325	34.8086		4098.3587	2.4589675	34.8203
1649.324	3.08275	33.4565		1654.7128	3.41955	33.4749		1682.4352	5.1522	33.5884		1694.4936	5.90585	33.5933
209.1864	4.5932	41.5054		209.0792	4.5396	41.4988		215.8248	7.9124	41.6447		221.32	10.66	41.7491
827.2392	3.4049	39.6747		832.1048	4.0131	39.6977		848.9104	6.1138	39.7644		866.8968	8.3621	39.8374
1851.2384	2.846577778	40.4939		1853.1744	2.954133333	40.4922		1880.16	4.453333333	40.5282		1907.8848	5.9936	40.5839
1862.424	3.468	42.0651		1859.7648	3.320266667	42.0647		1893.4736	5.192977778	42.0883		1909.168	6.064888889	42.093
197.9336	-1.0332	33.4445		197.8848	-1.0576	33.4464		198.1232	-0.9384	33.4267		198.1984	-0.9008	33.4435
785.7816	-1.7773	35.7726		785.5096	-1.8113	35.7727		784.4272	-1.9466	35.7639		786.8496	-1.6438	35.7697
1811.1968	0.622044444	42.0838		1810.6992	0.5944	42.0842		1817.3552	0.964177778	42.0908		1828.6608	1.592266667	42.1051
202.9192	1.4596	46.2489		203.5856	1.7928	46.249		205.4568	2.7284	46.2951		206.424	3.212	46.3224
800.692	0.0865	44.3933		801.1712	0.1464	44.3884		807.5488	0.9436	44.4214		807.884	0.9855	44.4361
4002.2024	0.05506	36.5032		3999.996	-1E-04	36.4925		4022.8616	0.57154	36.5414		4027.6912	0.69228	36.536
790.9213	-1.1348375	26.2511		790.8453	-1.1443375	26.2527		793.7187	-0.7851625	26.2678		799.5267	-0.0591625	26.278
202.2232	1.1116	29.7735		202.256	1.128	29.7785		204.8968	2.4484	29.8603		205.7632	2.8816	29.8855
793.2096	-0.8488	31.1604		793.412	-0.8235	31.1627		796.6536	-0.4183	31.1835		801.4824	0.1853	31.2084
1807.7208	0.428933333	45.5698		1811.0584	0.614355556	45.6156		1855.9024	3.105688889	46.3286		1882.4712	4.581733333	46.5893
1766.1061	-1.882994444	50.8269		1768.2987	-1.761183333	50.7448		1799.5989	-0.022283333	51.0439		1836.1808	2.010044444	51.2898
1846.4304	2.579466667	42.3906		1847.7664	2.653688889	42.3945		1872.8096	4.044977778	42.4282		1892.4208	5.134488889	42.4424
1858.2336	3.2352	41.1679		1856.8352	3.157511111	41.167		1893.2048	5.178044444	41.2115		1916.5856	6.476977778	41.252
1780.6496	-1.075022222	41.1108		1780.3696	-1.090577778	41.1131		1791.9824	-0.445422222	41.1254		1799.8064	-0.010755556	41.1298
825.9232	3.2404	33.6386		833.3096	4.1637	33.6633		837.7464	4.7183	33.7736		848.1032	6.0129	33.9494

];
brate=(aa(:,10)-aa(:,1))./aa(:,1)*100;
psnr=(aa(:,12)-aa(:,3));