aa=[2838580	515992	3099509	315352	3464160	190688	4039647	110352	4979370	58976	6401889	28032
2818802	515920	3064603	315032	3453454	190440	4059949	109176	4957526	58120	6295629	28048
2837822	515376	3094377	314376	3453550	190656	4082883	109696	5023331	58656	6413812	28048
2851623	513864	3079824	312968	3437525	189496	4086139	110200	5097046	58696	6377791	28352
2856366	513848	3109075	313400	3454202	189296	4099667	108648	5127278	58264	6393402	28248
2796567	512632	3095321	311680	3459452	188000	4082473	108600	4982205	58416	6335482	28336
2815361	510352	3073938	311928	3429507	188272	4101069	109112	4958292	57736	6393040	28064
2811444	508512	3045510	310752	3417601	188248	4045854	107992	4930356	58304	6308866	27576
2785274	509384	3046886	311328	3437091	189808	4052689	108824	4987153	58416	6349852	27904
2787660	507848	3044717	310560	3409996	188488	4047667	109200	4984601	58112	6271877	27720
2826855	507120	3052309	308672	3465731	188160	4039873	109176	4905227	58944	6380784	28200
2816891	507752	3084473	309768	3442455	188288	4032524	108640	4916915	58448	6204564	28024
2853246	507080	3037361	308672	3449083	188976	4017110	109040	4984324	58656	6187584	28304
2842151	509112	3135116	311088	3473386	188560	4033308	108776	4923375	58816	6369922	28120
2869735	511960	3105306	312728	3477575	190328	4067408	111096	4968284	58848	6369849	28312
2860780	511200	3077063	312824	3466707	189512	4042351	110816	5024897	59072	6381794	28392
2861744	512088	3126901	312720	3485275	190488	4087382	110440	4953777	59360	6465907	28024
2878866	513288	3114521	314208	3498297	189864	4091180	110424	5015118	58440	6406029	28152
2896640	510200	3111264	312840	3546668	189464	4062447	109784	4950151	59128	6569645	28040
2924489	508376	3139035	310984	3453802	188328	4062232	109352	5028220	58832	6351640	27768
2897692	510576	3181543	312464	3533080	189728	4103518	109312	4961747	59216	6367567	28168
2919011	513384	3173981	314408	3578143	190120	4142001	110184	5062669	58936	6437044	28056
2912204	515632	3168945	315672	3512427	191520	4198318	112088	5114824	59912	6424962	28248
2954390	519064	3203254	317480	3595066	192640	4182397	112328	5097429	59968	6323186	29144
2996597	519680	3196619	316744	3593776	192040	4147432	111680	5126659	59904	6427383	28880
2982510	518288	3203168	316352	3636657	192160	4141469	112704	5138129	60632	6398844	28664
3004137	523248	3279241	319184	3700477	193504	4226009	112968	5168529	61896	6456123	29264
3075530	527320	3341003	321024	3708320	195344	4314386	114216	5223268	62040	6409249	29712
3103051	530896	3387741	324704	3774632	197960	4278847	115008	5177629	62376	6543526	30560
3134468	532216	3474186	325728	3823044	197976	4375381	115464	5174150	63200	6600130	30536
3164893	528840	3438018	323304	3911937	195584	4371510	114816	5223974	62080	6542760	30384
3093809	524248	3350687	318680	3718968	192312	4322803	112928	5176751	61264	6483803	29096
3053868	522120	3311224	315944	3698254	190336	4284843	110544	5093004	60056	6400232	28864
3009080	518888	3290221	312840	3680996	187656	4171469	109032	5026751	58616	6315748	28416
2941948	517280	3219708	310960	3574431	187104	4166997	108112	5038914	58416	6428524	27792
3000756	514960	3219896	309144	3622021	184864	4127591	106792	5015383	58048	6150899	27624
3004261	514864	3252166	307976	3599481	185800	4144209	106544	4999435	57928	6292655	27560
3014541	515744	3276691	308568	3600229	184824	4174414	107544	5090576	57408	6264784	27744
3058154	518584	3342288	309536	3709838	186392	4175596	107728	5121270	57656	6298792	27592
3074039	523776	3305603	313576	3678535	187360	4262670	108600	5038213	58440	6233695	27144
3073881	530640	3333308	317048	3698939	190744	4273183	110432	5147667	57568	6390060	27560
3080800	536952	3444622	321216	3684346	192368	4430813	111360	5189819	59928	6554276	28000
3214129	536352	3453531	320496	3839474	192440	4408753	110272	5284278	59464	6581979	28144
3273847	538712	3538664	322312	3905205	193256	4473019	112184	5246588	59912	6674061	28352
3268311	536976	3619447	323136	3941980	193552	4518904	112376	5352984	59400	6533429	28520
3345837	539208	3606963	323072	3999578	194376	4581814	112248	5393272	60472	6535836	28664
3317269	538312	3600111	323144	3870174	194064	4471840	111616	5430646	60920	6618000	28936
3322995	534968	3648169	320520	4019045	194440	4533681	112368	5326656	60136	6688988	28640
3355517	529680	3601376	317592	3967054	191752	4435303	111536	5507628	59920	6783314	28688
3309676	529552	3615140	317424	3957354	192336	4553004	110768	5226849	60032	6661929	28648
3271302	525872	3624465	315936	3897857	190408	4454341	110472	5280512	60192	6596156	28640
3303050	524864	3580062	314048	3944308	189496	4517270	110280	5254660	59128	6369527	28024
3287606	518320	3526424	312056	3930107	187816	4411142	108696	5204131	58432	6556923	27944
3294715	515232	3522577	308232	3869858	185552	4386674	107984	5220349	57832	6348245	27432
3229124	506928	3510870	303560	3836526	184096	4292059	106432	5160388	56592	6298700	27240
3158866	498864	3426775	298096	3779923	178568	4259287	104032	5106908	55752	6146604	26760
3248203	491456	3443598	293128	3776132	175496	4234610	101016	5053272	54464	6096215	26360
3120148	487896	3464146	290536	3784052	173872	4285233	100464	4985893	53952	6112769	25984
3143242	482568	3385324	286832	3698957	171304	4328615	98936	4923028	53152	6079948	25824
3181861	481760	3433568	284600	3796561	171224	4354148	99536	4987745	53520	6153385	25728
3211782	480272	3472630	286320	3816467	170824	4249511	99496	5102297	54040	6119293	25896
3161295	480224	3468093	284104	3887243	169976	4248127	98128	4941544	52856	6152864	25936
3194542	480704	3419202	283816	3697366	168784	4339725	98520	4959412	52672	6001982	25544
3180707	477872	3482975	282112	3808427	168792	4355206	98264	5084939	52864	6033082	25448
3223488	481184	3602132	283008	3883268	169248	4342357	97824	5092920	52656	6132434	25848
3312368	483736	3592694	284160	3809095	170320	4349829	97440	5075125	52888	6076971	25568
3336579	483992	3606005	284768	3893140	169416	4354388	97392	5039693	52560	6088745	25640
3309664	484456	3564952	284280	3869535	169056	4264121	97296	5050555	52424	6075077	25648
3204546	486016	3554119	284672	3852469	168064	4353302	96824	5002244	52320	6128322	25320
3255170	484360	3528158	282776	3815292	168136	4250839	96528	4908953	52272	5926423	24904
3342358	484680	3543760	283312	3824066	167072	4353060	95808	5005316	51176	5925830	24680
3174059	484728	3446127	283792	3766196	167344	4333454	96160	4982766	51520	6007059	24648
3232621	486096	3517762	284664	3765405	168056	4288355	95960	5123633	51128	6064531	25000
3156387	490144	3465206	286280	3859616	168512	4335872	96568	4981638	51336	6035705	24888
3206034	494168	3510495	289392	3804937	170032	4266057	96920	4904043	51520	5936893	24832
3269022	492784	3546671	289128	3808917	169928	4242808	96440	5039622	51568	5959768	24800
3133232	490024	3437436	285376	3759331	166632	4253389	95248	5075228	51224	6023443	24560
3164217	482696	3409794	282080	3766244	165120	4226917	94824	5048594	51240	6024991	24664
3056704	480784	3406112	281304	3648708	164080	4156252	93760	4942731	50832	5888790	24288
3080334	476408	3359921	277168	3714425	162904	4202969	93576	4863187	50536	5926184	24304
3056254	469192	3324969	273616	3700363	160136	4234579	92088	4826393	49136	5811162	23376
3005394	461176	3266311	268520	3554109	157864	4073314	90296	4855108	48568	5913424	23208
2966047	453056	3258867	262880	3623814	153832	4013283	88680	4815629	47144	5864958	22736
2935492	446016	3300926	258096	3614368	151272	4042154	86552	4690582	46424	5713249	22808
2927032	439984	3191236	255184	3524657	148952	4009549	85568	4585712	45936	5725372	22648
2924299	437536	3182918	252216	3477679	149024	3920674	85176	4646410	45776	5821530	22192
2938789	438896	3166837	252456	3449140	148096	3952252	84712	4530021	45752	5566665	22400
2995161	439512	3246199	255368	3571113	149264	3907942	84024	4631294	45696	5682945	22280
2849384	442824	3171173	256168	3486229	149136	3942963	84376	4666881	45360	5573332	21896
2864698	443216	3176254	258728	3543127	150280	3912195	85120	4674277	45600	5578085	21808
