satd_real=[2139204
1693635
1722931
1717251
1740167
1719186
1740055
1718362
1724712
1712130
1724734
1710798
1725582
1717483
1736926
1724471
1737805
1720469
1735366
1726867
1746165
1722466
1740559
1725070
1843491
1774866
1773604
1795037
1939157
1993582
1960031
1912495
1953961
1914400
1946637
2040587
1980264
1936567
1964582
1958805
1918659
1890270
1873473
1816523
1828625
1788409
1786898
1756798
1747438
1761659
1731626
1698083
2109526
1670654
1749404
1685384
1720944
1728580
1744415
1681001
1701630
1683296
1693453
1679152
1690973
1684014
1697646
1681514
1697043
1674980
1688433
1674788
1688340
1678658
1694802
1671177
1683736
1671445
1681691
1668969
1681516
1666581
1687657
1650825
1661621
1654714
1669384
1726289
1752221
1671741
1694849
1665964
1674654
1663391
1674651
1669334
1679520
1671161
1681455
1670506
1679229
1664179
1667441
1667084
2155417
1641787
1651199
1652457
1657475
1661788
1673461
1677848
1763591
1709535
1727301
1706227
1724778
1721702
1764600
1706463
1732304
1720797
1733058
1720267
1726530
1716716
1746501
1713808
1721399
1712638
1726919
1707879
1723595
1708521
1717310
1704484
1712964
1710522
1723586
1716203
1730906
1720012
1755892
1727726
1752012
1779223
1798122
1782230
1800275
1793251
1809482
1795898
1821956
1810312
1865977
1837902
2307818
1807312
1847500
1828902
1862146
1836007
1872619
1830376
1865408
1847012
1902462
1855763
1901608
1877076
1951175
1873389
1941161
1868200
1935250
1928554
1955340
1886418
1936240
1886344
1930248
1885581
1945791
1899829
1930368
1911836
1932112
1889646
1933716
1902533
1920561
1878232
1897707
1867045
1885973
1871825
1882637
1863985
1887917
1855606
1897462
1821381
1846550
1811820
1843826
1849420
1866526
1819588
2291715
1786795
1802012
1802008
1814675
1806228
1818494
1803374
1818020
1807563
1816942
1810151
1822159
1810113
1825212
1808950
1825825
1809989
1828994
1818771
1834385
1829525
1874371
1817144
1838886
1848059
1868891
1802612
1824834
1807500
1832782
1816883
1842094
1819746
1843944
1827498
1850145
1823707
1854953
1834007
1852674
1832264
1858895
1838532
1873554
1832974
1857197
1835637
1862617
1841440
1863838
1823278
2329585
1791546
1850199
1819479
1848916
1815095
1857871
1821849
1851629
1818736
1850425
1815666
1849199
1823401
1852355
1821392
1844555
1824685
1856794
1828051
1846322
1822332
1837843
1817786
1834069
1819168
1842777
1862285
1900234
1841868
1858776
1835811
1837850
1835219
1852814
1825169
1848310
1833560
1852772

];
satd_est=[1198080
1061089
1693635
1721466
1716653
1737999
1719130
1738269
1718691
1724444
1713351
1724718
1712095
1725218
1717907
1735367
1724234
1736398
1720900
1734440
1726992
1744617
1723351
1739680
1725747
1833647
1772565
1771907
1792049
1924169
1976540
1949088
1908648
1947349
1913488
1944664
2032288
1978512
1938472
1963742
1959122
1922549
1896697
1880665
1826609
1835606
1797559
1793978
1764363
1753799
1764990
1736188
2101527
1866567
1677858
1748245
1689358
1720914
1727551
1741587
1683881
1702492
1686149
1694591
1681642
1691906
1685086
1696770
1682258
1696177
1676216
1688261
1675926
1688090
1679309
1693803
1672412
1683548
1672442
1681579
1670057
1681264
1667671
1686550
1653147
1662587
1656162
1669211
1721142
1745365
1672997
1693884
1668077
1676061
1666033
1676232
1670735
1678994
1671463
1680561
1670763
1678671
1665136
1667982
2065830
1817425
1644393
1652615
1653384
1657738
1661401
1672023
1676101
1754476
1706673
1723614
1705319
1722856
1720837
1760584
1708619
1731484
1721269
1732376
1721039
1726698
1717803
1744383
1715051
1721747
1713760
1726536
1709245
1723353
1709684
1717229
1705569
1713096
1710872
1722588
1716047
1729371
1719710
1752484
1727426
1749771
1775120
1793061
1779583
1796691
1791285
1806562
1795189
1819515
1809424
1860371
2121563
1964162
1808356
1845204
1828708
1859456
1836107
1869836
1831372
1863245
1847185
1897777
1856084
1897837
1876272
1943943
1874473
1936415
1871015
1931770
1926653
1951432
1889519
1934172
1889428
1928805
1888822
1943143
1901418
1928591
1912230
1930427
1892249
1931955
1904102
1920012
1881646
1898765
1870609
1887068
1874112
1883204
1865936
1887066
1857704
1895371
1826327
1848487
1816479
1844800
1849652
1864780
2261493
1978714
1791189
1804642
1804082
1815518
1807445
1818098
1803701
1816863
1807711
1816339
1810328
1821229
1810436
1824109
1809543
1824828
1810606
1827862
1818769
1832974
1828843
1869819
1818417
1838148
1846879
1866127
1806274
1826154
1810278
1832512
1818200
1840930
1820463
1841929
1827439
1848137
1824546
1852944
1834307
1851240
1833027
1857182
1838993
1870805
1834399
1856228
1836844
1861251
1842306
1862526
2247425
1993047
1796247
1849251
1821131
1847790
1816757
1855461
1822517
1849673
1820409
1848932
1817601
1847784
1824670
1850660
1822787
1843546
1825737
1854715
1829001
1845409
1823804
1837583
1819487
1834010
1820530
1841603
1859588
1894416
1842131
1857610
1837167
1839049
1836882
1852843
1827498
1847676
1834297

];
