basketballpass=[34.6388	34.0503	33.4636	34.6388	31.5892	30.9646	34.6388	40.691	39.3104
33.747	33.109	32.6052	33.4922	30.8751	30.3732	33.747	39.1161	38.2259
34.0146	33.3961	32.8427	33.232	31.0194	30.4252	34.0146	38.8025	38.1032
32.7899	32.1887	31.7351	31.5586	30.1257	29.6487	33.0193	37.1589	36.6804
32.9898	32.5189	32.1258	31.794	30.1595	29.8602	34.2476	37.459	37.2412
32.1823	31.5717	31.5129	30.8166	29.553	29.3542	33.7215	36.4206	36.5087
32.9302	32.4103	32.4031	31.2113	30.0892	30.0305	35.4659	37.884	37.7574
32.0097	31.5092	31.6893	30.3319	29.505	29.5053	35.126	36.9106	37.0872
33.0426	32.5448	32.5676	31.2855	30.5622	30.3239	36.8003	38.1515	37.7131
32.1356	31.6923	31.7794	30.3869	29.9493	29.6826	36.1182	37.4428	36.9731
33.4657	32.8289	32.8349	31.6124	30.8602	30.4615	36.8468	38.1509	38.0362
32.4083	31.9081	32.1223	30.6355	30.0435	29.7756	36.408	37.403	37.4671
33.3258	32.9873	32.8229	31.4535	30.7034	30.6924	37.3917	38.4094	37.9786
32.5866	32.2622	32.1889	30.6935	30.1132	30.1663	36.7567	37.7357	37.3408
33.2382	32.8949	32.7472	31.257	30.881	30.6751	37.4241	38.3573	38.2578
32.6141	32.3615	32.21	30.7491	30.4788	30.2806	37.0603	37.7867	37.8119
33.4934	32.9137	33.0413	31.5565	30.8738	30.9983	37.4396	38.6817	38.2329
32.7403	32.2375	32.3922	30.8851	30.3253	30.3902	37.0094	38.0752	37.7521
33.4637	33.1671	33.0423	31.5285	31.1725	30.9995	37.9633	38.5982	38.2051
32.775	32.5282	32.41	30.7466	30.5929	30.5159	37.4368	38.0554	37.7667
33.4832	33.2168	33.0016	31.7127	31.1185	30.8994	38.0789	38.6155	38.2031
32.7926	32.5683	32.3595	31.0886	30.5668	30.4431	37.7297	38.1059	37.7111
33.6663	33.2204	33.2923	31.7363	31.0853	31.2466	38.0962	38.565	38.517
32.9409	32.5939	32.6332	31.1209	30.6269	30.7413	37.7575	38.0564	37.8175
33.7414	33.2003	33.3217	31.6466	31.1107	31.2369	38.0778	38.9439	38.5415
33.1339	32.5985	32.7186	31.0501	30.6734	30.7244	37.6701	38.1919	38.1409
33.838	33.5156	33.4063	32.0961	31.3986	31.3534	38.0934	38.998	38.5896
33.153	32.8758	32.7988	31.5591	30.8538	30.8792	37.7208	38.5278	38.2141
33.8549	33.5756	33.4193	30.6408	31.7033	31.7033	38.7325	38.7325	38.7325
33.158	33.0098	32.8716	30.2666	31.1836	31.2521	37.7106	37.7106	37.7106
33.8547	33.6213	33.4168	30.5672	31.4236	31.4236	38.0667	38.0667	38.0667
33.0933	32.9372	32.7427	29.9964	30.6935	30.6935	37.6944	37.4121	37.6944
33.8058	33.6206	33.4335	30.6431	31.3024	31.498	38.2379	38.2379	38.2379
33.0215	32.8892	32.7198	30.0466	30.6103	30.7625	37.7442	37.4535	37.7442
33.8905	33.6778	33.4351	30.7533	31.4965	31.5707	38.1833	38.1833	38.1833
33.0894	32.9291	32.7728	30.052	30.7505	30.8475	37.6735	37.6735	37.6735
33.92	33.7087	33.5209	30.7211	31.5401	31.5831	38.1617	38.1617	38.1617
32.9016	32.8531	32.6679	30.0581	30.7795	30.8539	37.562	37.562	37.562
33.8534	33.6654	33.4677	30.6521	31.4762	31.4808	38.1633	38.1633	38.1633
32.9087	32.7753	32.6029	29.9908	30.6887	30.699	37.5362	37.5362	37.5362
33.8661	33.6544	33.4489	30.6876	31.4684	31.4726	38.1188	38.1188	38.1188
32.9601	32.7785	32.5857	29.9961	30.7103	30.7289	37.5491	37.5491	37.5491
33.8739	33.7346	33.4961	30.7087	31.4786	31.4388	38.1272	38.1272	38.1272
33.0188	32.9301	32.706	30.1076	30.8214	30.7668	37.6261	37.6261	37.6261
33.853	33.7632	33.5464	31.0418	31.4848	31.4636	38.1053	38.1053	38.1053
32.9691	32.9359	32.7778	30.3489	30.7667	30.7261	37.6876	37.6876	37.6876
33.955	33.8162	33.633	31.1741	31.543	31.537	38.1581	38.1581	38.1581
33.1845	32.9675	32.8686	30.2195	30.7638	30.715	37.6434	37.6434	37.6434
34.1498	33.9871	33.7929	31.3081	31.8032	31.7285	38.3739	38.3739	38.3739
33.2399	33.1844	32.8658	30.4875	30.9734	30.9371	38.0006	37.6366	38.0006
34.4187	34.2536	34.1029	31.5808	31.995	31.9291	38.7725	38.7725	38.7725
33.3555	33.1533	33.0887	30.5162	31.133	31.035	38.25	37.9222	37.9222
34.3751	34.9382	34.9382	31.8037	32.0021	31.9304	39.0138	39.0138	39.0138
32.9726	33.5857	33.5857	30.6073	30.9083	30.9334	38.3673	37.9313	37.9313
34.2795	34.5019	34.5019	31.9474	32.2191	32.0588	39.1894	38.7502	38.7502
33.0625	33.2374	33.2374	31.1103	31.4587	31.3225	38.1642	38.0059	38.0059
34.5238	34.6023	34.6023	32.5056	33.0959	33.0959	39.498	39.498	39.498
33.2659	33.291	33.291	31.4469	31.8799	31.8799	38.2093	38.2093	38.2093
34.9629	35.0292	35.0292	32.6397	32.8938	32.8938	39.424	39.424	39.424
33.8294	33.8918	33.8918	31.6951	31.8275	31.8275	38.5731	38.5731	38.5731

];
