gopbits=[250.484955	23.519171	10.650246	10.863251	1.02
234.000397	2.294198	101.996613	114.413681	1.12174
221.622437	4.67821	47.373344	53.204056	1.12308
218.020889	4.919921	44.313904	49.593464	1.11914
218.600632	6.602172	33.110413	36.928123	1.115302
220.396591	6.60545	33.365868	36.964123	1.107842
223.89299	8.222829	27.22822	30.045727	1.103477
225.662292	7.940424	28.419428	31.08588	1.093825
227.725616	9.549123	23.847803	26.0511	1.09239
227.998505	9.226586	24.711039	26.735058	1.081908
229.160355	10.621289	21.575569	23.284571	1.07921
229.256393	10.037129	22.840832	24.476463	1.07161
229.759598	11.448814	20.068419	21.471352	1.069908
229.644852	10.746499	21.369272	22.706829	1.062593
230.07962	12.067543	19.065987	20.250938	1.06215
230.364853	11.163831	20.634928	21.838255	1.058315
230.072479	12.332722	18.655449	19.740311	1.058153
229.72438	11.639689	19.7363	20.773985	1.052577
229.78212	12.689466	18.108101	19.04257	1.051605
229.960571	12.002157	19.159937	20.053556	1.04664
230.709015	12.944134	17.823442	18.658514	1.046852
231.397156	12.350412	18.735987	19.516201	1.041643
231.633957	13.199271	17.548996	18.255213	1.040243
231.488281	12.590831	18.385466	19.049961	1.036142
231.938263	13.369527	17.348278	17.977501	1.03627
237.415512	12.474444	19.03215	19.784779	1.039545
237.539871	13.120277	18.10479	18.857271	1.041563
239.859818	12.478436	19.221947	20.00942	1.040967
240.606613	12.879217	18.681774	19.500738	1.043838
247.336426	12.200001	20.273476	21.26059	1.04869
250.913269	12.511666	20.054344	21.067841	1.050537
255.856369	11.947845	21.414436	22.577507	1.054312
254.619461	12.226581	20.825075	21.992424	1.056055
257.199036	11.738605	21.910528	23.228119	1.060135
258.394562	11.974909	21.577997	22.905745	1.061532
262.912872	11.590222	22.684025	24.111246	1.062917
263.940338	11.733387	22.494812	23.973114	1.065717
265.580261	11.340557	23.418627	25.056524	1.06994
265.966919	11.424319	23.280767	24.995104	1.073637
269.697968	10.989715	24.540943	26.540602	1.081483
265.515594	11.132521	23.850445	25.816437	1.08243
267.01825	10.867499	24.570349	26.627008	1.083705
264.689972	11.02005	24.018944	26.028128	1.08365
264.764984	10.749752	24.629869	26.733938	1.085428
263.249115	10.933109	24.078157	26.126125	1.085055
261.248352	10.67365	24.476009	26.579233	1.08593
258.772339	10.898321	23.74424	25.752291	1.08457
261.213074	10.650939	24.524887	26.582769	1.08391
260.202454	10.892565	23.888079	25.874968	1.083175
257.595703	10.702269	24.06926	25.994139	1.079973
261.018036	10.847678	24.062113	25.93601	1.077878
264.612274	10.002839	26.453718	29.480526	1.114419
254.161728	10.273306	24.740015	27.4489	1.109494
249.392136	10.245147	24.342466	26.737553	1.098391
247.354675	10.539336	23.469666	25.696136	1.094866
249.02179	10.427111	23.882147	25.918818	1.08528
248.903564	10.741666	23.171783	25.097582	1.08311
249.690872	10.553887	23.658665	25.463797	1.076299
250.595383	10.84113	23.115244	24.893045	1.07691
251.089996	10.734103	23.391802	24.991501	1.068387
248.899353	10.999299	22.628654	24.087557	1.064471
248.000214	10.905879	22.740047	24.017935	1.056195
247.576385	11.212815	22.079769	23.279375	1.054331
247.221436	11.136523	22.199158	23.157383	1.043165
247.029572	11.440615	21.592333	22.493675	1.041744
246.55397	11.283039	21.851734	22.611732	1.03478
245.518494	11.593322	21.17758	21.897978	1.034017
244.847855	11.492485	21.30504	21.822536	1.02429
244.591614	11.787266	20.750496	21.232697	1.023238
244.700638	11.672272	20.964268	21.275503	1.014846
244.30304	11.963519	20.420668	20.702112	1.013782
244.185684	11.875644	20.56189	20.652695	1.004416
244.202332	12.161738	20.079559	20.1444	1.003229
244.228439	11.934293	20.464426	20.488899	1.001196
242.508591	12.231689	19.826254	19.849192	1.001157
241.943375	12.142688	19.925026	19.764412	0.991939
240.829773	12.415794	19.397049	19.227053	0.991236
240.608185	12.319593	19.530529	19.211203	0.98365
240.111893	12.584747	19.079596	18.750132	0.982732
239.897079	12.515319	19.168276	18.677738	0.974409
239.718399	12.776075	18.763071	18.258509	0.973109
240.034561	12.665797	18.951397	18.315834	0.966464
239.964935	12.93245	18.555258	17.927332	0.966159
240.721222	12.750262	18.879707	18.189199	0.963426
238.698334	13.019132	18.334427	17.661499	0.963297
237.571793	12.863624	18.468496	17.710686	0.958967
236.495087	13.125095	18.018543	17.280964	0.959066
236.264313	13.000461	18.173532	17.331223	0.953652
240.059402	13.213495	18.167746	17.352583	0.955131
242.666885	13.040135	18.60923	17.760134	0.954372
240.690536	13.256061	18.157017	17.305155	0.953084
240.371567	13.135128	18.299902	17.381666	0.949823
239.247177	13.37685	17.885166	16.970251	0.948845
238.8358	13.256087	18.017067	17.006048	0.943886
238.294006	13.510165	17.638128	16.645065	0.943698
238.19725	13.426719	17.74054	16.610685	0.936312
238.141937	13.672392	17.417723	16.302027	0.935945
238.237625	13.578733	17.544909	16.306608	0.929421
238.279633	13.811852	17.251823	16.037819	0.92963
238.361237	13.564029	17.57304	16.389088	0.932627
262.360901	13.681277	19.176638	17.893021	0.933064
258.899414	12.740505	20.320969	19.894001	0.978989
247.470215	12.965497	19.086828	18.683752	0.978882
241.963425	12.944724	18.692051	18.12241	0.969525
239.002853	13.139989	18.188969	17.609301	0.968131
237.465988	13.099791	18.127464	17.429485	0.961496
236.612091	13.301599	17.788244	17.079412	0.960152
236.29071	13.275424	17.799109	16.951359	0.952371
236.157715	13.477956	17.521774	16.667023	0.951218
236.099396	13.418531	17.595026	16.623177	0.944766
236.123978	13.622681	17.333151	16.369318	0.944394
236.295303	13.551075	17.437384	16.365252	0.938515
237.082642	13.740607	17.254162	16.189339	0.938286
243.037811	13.604191	17.864922	16.725435	0.936217
240.687943	13.796558	17.445507	16.329491	0.936028
240.160019	13.735044	17.485203	16.269024	0.930445
239.292542	13.916154	17.195307	15.984335	0.929575
239.078568	13.758648	17.376604	16.161116	0.93005
238.997391	13.941015	17.143471	15.966679	0.931356
241.313812	13.829297	17.449463	16.217264	0.929385
238.743088	13.984602	17.071854	15.865953	0.929363
238.289749	13.911025	17.12956	15.8743	0.92672
237.672089	14.052341	16.913345	15.676827	0.926891
237.75972	13.974591	17.013716	15.742437	0.925279
237.159546	14.112697	16.804693	15.540662	0.924781
237.40799	14.022408	16.930614	15.642111	0.923895
236.557281	14.173752	16.689814	15.409442	0.923284
236.544479	14.089725	16.788439	15.466949	0.921286
235.603622	14.252441	16.530756	15.21762	0.920564
235.565308	14.168849	16.625578	15.258389	0.917766
234.961105	14.33984	16.385197	15.030342	0.917312
235.227554	14.278103	16.474707	15.039542	0.912887
234.886932	14.441316	16.264925	14.844179	0.91265
235.28981	14.354219	16.391684	14.914454	0.909879
234.675034	14.520973	16.16111	14.695813	0.909332
234.223297	14.461982	16.195795	14.655626	0.904903
233.866928	14.635851	15.979045	14.443237	0.903886
233.759674	14.551003	16.06485	14.458674	0.900019
233.452576	14.739111	15.838985	14.255039	0.899997
233.438766	14.574675	16.016739	14.42773	0.900791
232.243195	14.760092	15.734536	14.185738	0.901567
231.924133	14.646332	15.834963	14.241811	0.89939
231.556061	14.809373	15.635777	14.07631	0.900263
232.733932	14.695838	15.836724	14.244299	0.899447
232.066757	14.840191	15.637721	14.075521	0.900101
232.940475	14.706787	15.838979	14.277649	0.901425
234.638123	14.830926	15.820868	14.287296	0.903067
235.941666	14.681006	16.071218	14.56663	0.90638
234.285049	14.81499	15.814054	14.328349	0.906052
234.388779	14.683234	15.963021	14.491225	0.9078
262.096436	14.74724	17.772575	16.150105	0.908709
256.639526	13.907792	18.452932	17.813488	0.965347
244.954758	14.035233	17.452847	16.862688	0.966186
240.084045	13.984498	17.16787	16.526634	0.962649
237.889771	14.078417	16.89748	16.261391	0.962356
238.993362	13.976209	17.100014	16.466053	0.962926
238.767654	14.064666	16.976418	16.360544	0.963722
240.968964	13.941849	17.283859	16.686216	0.965422
