aa=[2181874	41		5694128	34	333504	31.2593		5694128	34	333504	31.2593
5600	48		4094305	35	120	31.2593		4094305	35	120	31.2593
5600	44		2692142	36	280	31.2621		2692142	36	280	31.2621
651926	43		2692102	37	14448	28.9847		2692102	37	14448	28.9847
667644	43		3252845	38	43592	29.3401		3252845	38	43592	29.3401
651054	43		3554623	39	9584	27.7816		3554623	39	9584	27.7816
663538	43		3539596	40	32576	28.3747		3539596	40	32576	28.3747
653546	43		3726419	41	6144	26.9393		3726419	42	4864	26.7748
637697	43		3768905	42	22104	27.4414		3791260	43	18240	27.1842
642185	42		3924934	43	3744	26.17		3964829	44	3184	25.9495
650378	43		4023866	44	15496	26.5508		4082861	45	12824	26.2683
646102	42		4227342	45	2080	25.4103		4273870	46	1696	25.2144
644849	42		4296924	46	10104	25.7715		4367187	44	16736	26.2327
648115	42		4411894	47	1336	24.8797		4387639	45	2232	25.2859
643845	42		4539775	46	9840	25.4463		4412911	44	15720	26.0254
654933	42		4590638	47	1160	24.5439		4453255	45	1944	25.0261
662054	42		4689324	46	10744	25.2208		4532985	43	22240	26.1777
663405	43		4755019	47	1064	24.353		4525751	44	2464	25.1908
661508	42		4816294	45	14240	25.3883		4521381	43	20104	26.0948
655572	42		4789649	46	1360	24.5719		4571666	44	2736	25.1988
636218	42		4749401	44	17680	25.6803		4516346	43	20264	26.0737
636117	42		4756501	45	1648	24.8229		4573946	44	2288	25.1362
658402	42		4648394	44	16480	25.681		4507500	43	19960	26.0745
668329	42		4671085	45	1872	24.7689		4558339	44	2640	25.1479
657090	42		4676093	44	16088	25.7207		4526333	42	25720	26.4169
645831	42		4690253	45	2104	24.8838		4528340	43	3616	25.4931
644346	42		4641111	43	21200	26.003		4420841	42	23328	26.419
642606	42		4684572	44	2872	25.1723		4484232	43	3368	25.4813
651369	42		4546812	43	19944	26.016		4423509	42	23088	26.4305
637290	42		4604082	44	2592	25.1978		4485929	43	3488	25.551
629661	42		4545580	43	18048	26.0871		4398097	42	21872	26.4672
626855	42		4569869	44	2816	25.337		4452410	43	3552	25.6924
617435	42		4493252	43	17352	26.2223		4366921	42	20632	26.5762
607154	42		4531862	44	2696	25.4572		4435701	43	3416	25.8075
598049	42		4463587	42	21280	26.5536		4334252	42	17512	26.5766
555454	42		4493125	43	2704	25.9485		4415150	43	2712	26.0087
526023	42		4308283	42	15712	26.7003		4258772	41	21808	26.9944
536957	42		4344143	43	3472	26.1657		4280228	42	3936	26.4682
513463	41		4276290	42	15456	26.7352		4154337	41	18968	27.0785
523505	41		4314795	43	2424	26.1391		4193988	42	2896	26.4573
519737	41		4159544	41	20696	26.9782		4045477	41	16168	27.02
511817	41		4161641	42	3016	26.3984		4116067	42	2824	26.4163
506151	41		4077301	41	16104	26.9318		4060534	41	15576	26.9736
502521	41		4110294	42	3080	26.3827		4106612	42	3120	26.4231
511274	41		4070454	41	15984	26.9164		4060641	40	24144	27.258
520385	41		4165133	42	3184	26.3067		4107079	41	4176	26.6868
530850	41		4134693	40	26688	27.1585		4007779	40	20328	27.1584
559592	41		4212012	41	5480	26.482		4165548	41	5480	26.4572
577232	41		4182204	40	23120	27.0527		4179455	40	23864	27.0904
585266	41		4269644	41	4920	26.3098		4231613	41	5248	26.3706
2045028	39		5524739	42	105224	25.9503		5521209	42	105224	25.9503
588450	44		4917631	43	3400	25.177		4892918	42	4232	25.2701
605098	43		4610913	43	14552	25.4916		4582106	42	18168	25.6496
603367	43		4724627	45	1864	24.7026		4708510	43	3000	24.965
605978	43		4818555	43	15456	25.3703		4722047	42	18344	25.548
598196	42		4843734	44	2544	24.7811		4774031	43	3024	24.9215
587798	42		4820536	42	19760	25.526		4757011	42	18456	25.5342
570606	42		4824955	44	2168	24.8291		4834109	43	2888	24.9204
567153	42		4795599	42	17464	25.4976		4764158	41	25656	25.7508
580296	42		4789578	43	2752	24.8748		4754741	42	3408	25.1304
586526	42		4795266	41	25912	25.7171		4691150	41	22032	25.7549
588386	42		4778729	42	3640	25.127		4698871	42	3648	25.1526
577430	42		4718851	41	23448	25.7666		4688791	41	23000	25.777
591013	42		4724647	42	3392	25.1447		4718093	42	3792	25.1666
596551	42		4705033	41	22856	25.7962		4703338	41	22280	25.7803
599342	42		4736310	42	4096	25.2141		4721485	42	4048	25.208
598603	42		4714965	41	23448	25.8632		4690451	41	23248	25.8533
599505	42		4750084	42	3952	25.2138		4726718	42	3872	25.1812
592524	42		4690144	41	23720	25.8785		4712014	41	23896	25.865
575903	42		4743240	42	3640	25.3037		4746267	42	3656	25.3081
581119	41		4685929	41	21552	25.9848		4683658	41	21128	25.9686
569890	41		4690749	42	3872	25.4927		4678340	42	3560	25.4511
561892	41		4628721	41	19736	26.041		4629806	41	20160	26.0434
566921	41		4664886	42	4096	25.535		4668857	42	4048	25.5389
567778	41		4621218	40	32488	26.4834		4621217	41	19968	26.1026
571777	41		4603720	41	5432	25.9787		4650184	42	4472	25.6119
565778	41		4518961	41	16424	26.3341		4609405	41	18192	26.1369
555082	41		4582087	42	4264	25.8548		4630972	42	4760	25.7671
563842	41		4508073	40	25352	26.576		4560477	40	30448	26.5269
559880	41		4552525	41	5936	26.0848		4584642	41	6064	26.0647
567361	41		4483259	40	22072	26.5843		4534067	40	23688	26.5842
550898	41		4566750	41	5800	26.1094		4594316	41	5800	26.1103
539291	41		4470227	40	21952	26.6427		4480188	40	21360	26.6192
520728	41		4358744	41	5008	26.2226		4381260	41	5256	26.2482
518237	41		4368124	40	20112	26.6857		4382055	40	18480	26.6041
528891	41		4385732	41	5728	26.2732		4379670	41	5632	26.1928
527709	41		4343465	40	20280	26.665		4391644	40	20240	26.6015
529236	41		4326563	41	5280	26.1991		4349095	41	5288	26.1543
534289	41		4342310	40	19400	26.6393		4342015	40	20272	26.6031
539119	41		4381716	41	4688	26.1712		4354159	41	4856	26.137
556742	41		4296247	39	39920	27.163		4299407	40	20472	26.616
552372	41		4300888	40	5832	26.6373		4315475	41	4840	26.1338
569596	41		4123776	40	19768	26.8679		4317179	40	24176	26.5624
560854	41		4339410	41	4952	26.2921		4489371	41	5000	25.9986
577430	41		4230393	39	33072	27.1044		4341030	40	22448	26.5328
590474	41		4252497	40	7072	26.4414		4387998	41	5328	25.8536
594268	41		4208265	40	22256	26.8327		4379240	40	25128	26.4734
615697	41		4313848	41	6472	26.092		4456729	41	6392	25.7986
600277	41		4329453	40	26320	26.7727		4466507	40	27968	26.4826
588940	41		4424454	41	5648	26.0095		4563963	41	5584	25.7718
2111370	38		6438837	41	124584	26.5718		6452900	41	124584	26.5718
603073	44		4946924	42	4560	25.6907		5045360	42	4560	25.6907
605843	43		4413337	42	16768	26.1494		4425391	41	21000	26.323
619604	42		4520198	43	4104	25.3298		4475301	42	5032	25.5033
631581	42		4560716	41	23576	26.2125		4507513	41	23352	26.2577
626636	42		4552332	42	4800	25.4491		4528735	42	4944	25.4885
614496	42		4524026	41	21912	26.1554		4523624	41	21808	26.1847
610598	42		4506789	42	4672	25.4678		4503171	42	4608	25.4729
586420	42		4539500	41	21816	26.1281		4511535	41	21744	26.1427
598993	42		4510223	42	4360	25.429		4505295	42	4520	25.4656
592757	42		4529951	41	20552	26.1071		4500844	40	29920	26.4154
598168	41		4502320	42	4496	25.469		4460732	41	5408	25.7598
592273	41		4517061	41	21096	26.1095		4409671	40	25576	26.4316
587323	41		4477425	42	4144	25.4212		4392280	41	5232	25.7421
565177	41		4520945	41	20856	26.0714		4409651	40	26416	26.4389
556851	41		4496505	42	3632	25.4635		4398225	41	4568	25.8065
554541	41		4489634	41	19768	26.0643		4362696	40	24688	26.4549
550462	41		4483035	42	3440	25.4496		4372223	41	4600	25.8495
553439	41		4485219	40	31392	26.4094		4344492	40	24400	26.4739
551234	41		4454271	41	4064	25.7537		4341811	41	4616	25.8391
524876	41		4371104	40	24496	26.4307		4332282	40	24384	26.4694
532195	41		4365428	41	4160	25.8018		4335118	41	4144	25.8307
518745	41		4345430	40	23480	26.4504		4328937	40	22712	26.4767
531135	41		4365284	41	4048	25.788		4359148	41	3840	25.809
520852	41		4356064	40	24200	26.4647		4337746	40	24544	26.5217
545758	41		4356626	41	4800	25.8384		4338356	41	4504	25.8607
511507	41		4361462	40	24680	26.4619		4345945	40	23232	26.472
497967	41		4378760	41	3712	25.8862		4372496	41	3648	25.8997
511223	41		4299345	40	22560	26.4966		4286618	40	23360	26.5219
