blowing87=[34	52696	32.435
36	2136	31.3812
38	4824	31.1931
40	920	29.907
42	2560	29.8498
44	368	28.6487
43	2024	29.1536
42	760	28.5901
42	2576	29.141
41	560	28.6495
41	3312	29.2458
41	472	28.6164
40	4128	29.4402
40	656	28.8103
39	5744	29.6329
40	736	28.8161
39	4920	29.5185
39	896	28.9392
39	5048	29.4325
39	1032	28.8357
39	5256	29.3213
39	800	28.6649
39	4912	29.2986
39	1016	28.766
38	8248	29.738
39	1776	28.9507
39	6432	29.5534
39	2824	28.6909
39	8320	29.5229
40	2992	28.4241
40	7688	29.0968
40	2872	28.4091
40	7568	29.1794
41	2752	28.2177
41	6448	28.9959
41	3504	28.2377
41	7192	28.9189
41	3936	27.9923
41	8336	28.7559
42	3136	27.6506
42	6272	28.2587
42	2784	27.4345
42	6024	28.1249
42	2280	27.2013
42	5712	27.8909
42	1704	27.109
42	5088	27.7999
42	1600	27.1746
42	4960	27.801
42	1232	27.2223
41	5128	27.8507
41	440	27.332
41	19712	28.2145
42	384	27.8315
42	2104	27.6847
42	392	27.187
41	4168	27.7504
41	1184	27.3034
41	4504	27.6794
41	320	27.3031
41	2616	27.5256
41	280	27.2812
41	2408	27.523
41	304	27.3137
40	3856	27.8137
40	352	27.5376
40	2984	27.802
40	384	27.4803
40	3872	27.8814
40	416	27.617
40	3136	27.8978
40	328	27.6079
39	5232	28.1736
40	400	27.9028
39	3360	28.2274
39	424	27.992
39	3432	28.3267
39	384	28.03
39	3008	28.3024
39	392	28.0218
39	3112	28.245
39	424	27.9641
38	7056	28.7562
39	408	28.4596
38	3696	28.8102
38	624	28.4915
38	4960	28.8286
38	1336	28.1366
38	6440	28.6242
38	712	28.1615
38	4840	28.5038
38	320	28.1636
38	3800	28.4745
38	272	28.1872
38	3256	28.453
38	344	28.1318
38	3504	28.4027
38	752	28.1552
37	7824	28.8503
38	600	28.5956
37	3984	28.843
37	480	28.6257
37	2888	28.8133
37	448	28.6022
38	33696	29.2084
39	416	28.9851
38	1952	29.073
38	632	28.8472
38	2664	29.0311
38	496	28.7354
37	4544	29.1413
38	640	28.7697
37	6280	28.9829
38	704	28.6883
37	4408	29.0073
37	880	28.7852
37	4160	28.9915
37	1376	28.7633
37	5792	29.132
37	1448	28.818
37	4912	29.1204
37	1416	28.8
37	4928	29.0772
37	1464	28.7886
37	4720	29.0856
37	1072	28.7199
37	5472	29.1157
37	936	28.7731
37	4208	29.0766
37	752	28.7476
37	4120	29.0524
37	888	28.8018
37	4280	29.0932
37	568	28.7921
37	3736	29.078
37	416	28.8094
36	7440	29.4732
37	368	29.1185
36	4920	29.4865
36	704	29.1785
36	4952	29.4527
36	1064	29.1313
36	6784	29.5883
36	1680	29.2652
36	6952	29.5603
36	2224	29.0964
36	8112	29.499
37	1080	29.0384
36	8056	29.5938
37	1392	29.1007
36	7920	29.6687
37	1648	29.1497
36	7816	29.5967
37	1984	28.9083
37	7456	29.3262
37	2656	28.7218
37	43784	29.7844
38	2232	28.9859
38	6184	29.2794
38	1952	28.5853
38	7296	29.0971
38	2152	28.39
38	7416	28.9269
38	2032	28.3127
38	7792	28.8819
38	2312	28.2789
38	8424	28.8769
38	2680	28.1837
38	9136	28.7929
38	2528	27.8608
38	10752	28.531
39	2376	27.5441
38	10072	28.3765
39	2072	27.4307
39	8712	28.0451
39	2432	27.2738
39	9312	27.9567
39	1736	27.1738
39	8184	27.8734
39	2192	27.1988
39	8368	27.9022
39	2232	27.2386
39	8184	27.8357
39	2312	27.0966
39	8648	27.8099
39	2736	27.1087
39	8752	27.8181
39	2696	27.0787
39	8856	27.7909
39	2768	27.1119
39	7736	27.7327
39	2352	27.0442
39	7656	27.7321
39	1872	27.2039
39	6736	27.7429
39	2104	27.1966
39	6464	27.7084
39	1360	27.0682
39	6096	27.6984
39	1192	27.2371
39	7000	27.7119
39	1088	27.237
39	5304	27.6681
39	1064	27.241
39	5760	27.6181
39	1176	27.0028
39	7176	27.6178
39	808	27.2158
39	35008	28.2469
40	600	27.6594
40	2400	27.9695
40	360	27.5368
40	2456	27.8282
39	448	27.4257
39	3952	27.8661
39	408	27.5383
39	3192	27.8126
39	376	27.4533
39	3360	27.761
39	344	27.4351
39	2968	27.694
39	384	27.3487
39	3864	27.7375
39	576	27.4291
39	3520	27.7034
39	424	27.4011
39	3544	27.6363
39	576	27.2852
39	4024	27.6052
39	520	27.1061
39	5928	27.5451
39	488	27.096
39	4584	27.4897
39	1280	27.0622
39	5992	27.5274
39	680	27.0832
39	4656	27.5275
39	800	27.034
39	5016	27.5123
39	912	27.0014
39	5512	27.5316
39	944	26.9838
39	5456	27.4766
39	984	26.9478
39	5792	27.4897
39	968	26.9636
39	6232	27.5346
39	1136	26.8724
39	6536	27.49
39	1056	26.8583
39	6304	27.5126
39	1272	26.9264
39	6504	27.4669
39	1296	26.9157
39	6552	27.4047
39	1104	26.8093
39	6512	27.3595
39	928	26.8175
39	6664	27.4132
39	1104	26.8801
39	36624	28.0123
40	912	27.1662
39	5928	27.6281
39	936	26.9491
39	6520	27.5612
39	1056	26.8952
39	6560	27.475
39	1056	26.7561
39	6680	27.4178
39	1064	26.8287
39	6384	27.3835
39	1056	26.8116
39	6608	27.3923
39	824	26.7271
39	6144	27.354
39	888	26.8231
39	5880	27.3124
39	592	26.769
39	5664	27.2741
39	856	26.7384
39	5720	27.312
39	848	26.8569
39	5104	27.3156
39	656	26.8772
39	5224	27.3318
39	616	26.8447
39	4584	27.2549
39	1192	26.6496
39	6704	27.1892
39	736	26.7587
39	5304	27.2131
39	720	26.845
39	4344	27.2379
39	824	26.8792
39	5888	27.294
39	816	26.8797
39	4832	27.265
39	808	26.9219
39	5136	27.2992
39	960	26.8572
];
