a=[10.000000	1353.592696	75	51
20.000000	676.796348	69	51
30.000000	451.197565	66	51
40.000000	338.398174	63	51
50.000000	270.718539	61	51
60.000000	225.598783	60	51
70.000000	193.370385	58	51
80.000000	169.199087	57	51
90.000000	150.399188	56	51
100.000000	135.359270	55	51
110.000000	123.053881	55	51
120.000000	112.799391	54	51
130.000000	104.122515	53	51
140.000000	96.685193	52	51
150.000000	90.239513	52	51
160.000000	84.599543	51	51
170.000000	79.623100	51	51
180.000000	75.199594	50	50
190.000000	71.241721	50	50
200.000000	67.679635	49	49
210.000000	64.456795	49	49
220.000000	61.526941	49	49
230.000000	58.851856	48	48
240.000000	56.399696	48	48
250.000000	54.143708	47	47
260.000000	52.061258	47	47
270.000000	50.133063	47	47
280.000000	48.342596	46	46
290.000000	46.675610	46	46
300.000000	45.119757	46	46
310.000000	43.664281	46	46
320.000000	42.299772	45	45
330.000000	41.017960	45	45
340.000000	39.811550	45	45
350.000000	38.674077	45	45
360.000000	37.599797	44	44
370.000000	36.583586	44	44
380.000000	35.620860	44	44
390.000000	34.707505	44	44
400.000000	33.839817	43	43
410.000000	33.014456	43	43
420.000000	32.228398	43	43
430.000000	31.478900	43	43
440.000000	30.763470	43	43
450.000000	30.079838	42	42
460.000000	29.425928	42	42
470.000000	28.799845	42	42
480.000000	28.199848	42	42
490.000000	27.624341	42	42
500.000000	27.071854	41	41
510.000000	26.541033	41	41
520.000000	26.030629	41	41
530.000000	25.539485	41	41
540.000000	25.066531	41	41
550.000000	24.610776	41	41
560.000000	24.171298	40	40
570.000000	23.747240	40	40
580.000000	23.337805	40	40
590.000000	22.942249	40	40
600.000000	22.559878	40	40
610.000000	22.190044	40	40
620.000000	21.832140	40	40
630.000000	21.485598	39	39
640.000000	21.149886	39	39
650.000000	20.824503	39	39
660.000000	20.508980	39	39
670.000000	20.202876	39	39
680.000000	19.905775	39	39
690.000000	19.617285	39	39
700.000000	19.337039	39	39
710.000000	19.064686	38	38
720.000000	18.799899	38	38
730.000000	18.542366	38	38
740.000000	18.291793	38	38
750.000000	18.047903	38	38
760.000000	17.810430	38	38
770.000000	17.579126	38	38
780.000000	17.353753	38	38
790.000000	17.134085	37	37
800.000000	16.919909	37	37
810.000000	16.711021	37	37
820.000000	16.507228	37	37
830.000000	16.308346	37	37
840.000000	16.114199	37	37
850.000000	15.924620	37	37
860.000000	15.739450	37	37
870.000000	15.558537	37	37
880.000000	15.381735	37	37
890.000000	15.208907	36	36
900.000000	15.039919	36	36
910.000000	14.874645	36	36
920.000000	14.712964	36	36
930.000000	14.554760	36	36
940.000000	14.399922	36	36
950.000000	14.248344	36	36
960.000000	14.099924	36	36
970.000000	13.954564	36	36
980.000000	13.812170	36	36
990.000000	13.672653	36	36
1000.000000	13.535927	35	35
1010.000000	13.401908	35	35
1020.000000	13.270517	35	35
1030.000000	13.141677	35	35
1040.000000	13.015314	35	35
1050.000000	12.891359	35	35
1060.000000	12.769742	35	35
1070.000000	12.650399	35	35
1080.000000	12.533266	35	35
1090.000000	12.418282	35	35
1100.000000	12.305388	35	35
1110.000000	12.194529	35	35
1120.000000	12.085649	34	34
1130.000000	11.978696	34	34
1140.000000	11.873620	34	34
1150.000000	11.770371	34	34
1160.000000	11.668903	34	34
1170.000000	11.569168	34	34
1180.000000	11.471125	34	34
1190.000000	11.374729	34	34
1200.000000	11.279939	34	34
1210.000000	11.186716	34	34
1220.000000	11.095022	34	34
1230.000000	11.004819	34	34
1240.000000	10.916070	34	34
1250.000000	10.828742	34	34
1260.000000	10.742799	33	33
1270.000000	10.658210	33	33
1280.000000	10.574943	33	33
1290.000000	10.492967	33	33
1300.000000	10.412252	33	33
1310.000000	10.332769	33	33
1320.000000	10.254490	33	33
1330.000000	10.177389	33	33
1340.000000	10.101438	33	33
1350.000000	10.026613	33	33
1360.000000	9.952887	33	33
1370.000000	9.880239	33	33
1380.000000	9.808643	33	33
1390.000000	9.738077	33	33
1400.000000	9.668519	33	33
1410.000000	9.599948	32	32
1420.000000	9.532343	32	32
1430.000000	9.465683	32	32
1440.000000	9.399949	32	32
1450.000000	9.335122	32	32
1460.000000	9.271183	32	32
1470.000000	9.208114	32	32
1480.000000	9.145897	32	32
1490.000000	9.084515	32	32
1500.000000	9.023951	32	32
1510.000000	8.964190	32	32
1520.000000	8.905215	32	32
1530.000000	8.847011	32	32
1540.000000	8.789563	32	32
1550.000000	8.732856	32	32
1560.000000	8.676876	32	32
1570.000000	8.621610	32	32
1580.000000	8.567042	31	31
1590.000000	8.513162	31	31
1600.000000	8.459954	31	31
1610.000000	8.407408	31	31
1620.000000	8.355510	31	31
1630.000000	8.304250	31	31
1640.000000	8.253614	31	31
1650.000000	8.203592	31	31
1660.000000	8.154173	31	31
1670.000000	8.105345	31	31
1680.000000	8.057099	31	31
1690.000000	8.009424	31	31
1700.000000	7.962310	31	31
1710.000000	7.915747	31	31
1720.000000	7.869725	31	31
1730.000000	7.824235	31	31
1740.000000	7.779268	31	31
1750.000000	7.734815	31	31
1760.000000	7.690868	31	31
1770.000000	7.647416	31	31
1780.000000	7.604453	30	30
1790.000000	7.561970	30	30
1800.000000	7.519959	30	30
1810.000000	7.478413	30	30
1820.000000	7.437323	30	30
1830.000000	7.396681	30	30
1840.000000	7.356482	30	30
1850.000000	7.316717	30	30
1860.000000	7.277380	30	30
1870.000000	7.238464	30	30
1880.000000	7.199961	30	30
1890.000000	7.161866	30	30
1900.000000	7.124172	30	30
1910.000000	7.086873	30	30
1920.000000	7.049962	30	30
1930.000000	7.013434	30	30
1940.000000	6.977282	30	30
1950.000000	6.941501	30	30
1960.000000	6.906085	30	30
1970.000000	6.871029	30	30
1980.000000	6.836327	30	30
1990.000000	6.801973	30	30
2000.000000	6.767963	29	29
2010.000000	6.734292	29	29
2020.000000	6.700954	29	29
2030.000000	6.667944	29	29
2040.000000	6.635258	29	29
2050.000000	6.602891	29	29
2060.000000	6.570838	29	29
2070.000000	6.539095	29	29
2080.000000	6.507657	29	29
2090.000000	6.476520	29	29
2100.000000	6.445680	29	29
2110.000000	6.415131	29	29
2120.000000	6.384871	29	29
2130.000000	6.354895	29	29
2140.000000	6.325200	29	29
2150.000000	6.295780	29	29
2160.000000	6.266633	29	29
2170.000000	6.237754	29	29
2180.000000	6.209141	29	29
2190.000000	6.180789	29	29
2200.000000	6.152694	29	29
2210.000000	6.124854	29	29
2220.000000	6.097264	29	29
2230.000000	6.069922	29	29
2240.000000	6.042825	28	28
2250.000000	6.015968	28	28
2260.000000	5.989348	28	28
2270.000000	5.962963	28	28
2280.000000	5.936810	28	28
2290.000000	5.910885	28	28
2300.000000	5.885186	28	28
2310.000000	5.859709	28	28
2320.000000	5.834451	28	28
2330.000000	5.809411	28	28
2340.000000	5.784584	28	28
2350.000000	5.759969	28	28
2360.000000	5.735562	28	28
2370.000000	5.711362	28	28
2380.000000	5.687364	28	28
2390.000000	5.663568	28	28
2400.000000	5.639970	28	28
2410.000000	5.616567	28	28
2420.000000	5.593358	28	28
2430.000000	5.570340	28	28
2440.000000	5.547511	28	28
2450.000000	5.524868	28	28
2460.000000	5.502409	28	28
2470.000000	5.480132	28	28
2480.000000	5.458035	28	28
2490.000000	5.436115	28	28
2500.000000	5.414371	28	28
2510.000000	5.392800	27	27
2520.000000	5.371400	27	27
2530.000000	5.350169	27	27
2540.000000	5.329105	27	27
2550.000000	5.308207	27	27
2560.000000	5.287471	27	27
2570.000000	5.266898	27	27
2580.000000	5.246483	27	27
2590.000000	5.226227	27	27
2600.000000	5.206126	27	27
2610.000000	5.186179	27	27
2620.000000	5.166384	27	27
2630.000000	5.146740	27	27
2640.000000	5.127245	27	27
2650.000000	5.107897	27	27
2660.000000	5.088694	27	27
2670.000000	5.069636	27	27
2680.000000	5.050719	27	27
2690.000000	5.031943	27	27
2700.000000	5.013306	27	27
2710.000000	4.994807	27	27
2720.000000	4.976444	27	27
2730.000000	4.958215	27	27
2740.000000	4.940119	27	27
2750.000000	4.922155	27	27
2760.000000	4.904321	27	27
2770.000000	4.886616	27	27
2780.000000	4.869038	27	27
2790.000000	4.851587	27	27
2800.000000	4.834260	27	27
2810.000000	4.817056	27	27
2820.000000	4.799974	26	26
2830.000000	4.783013	26	26
2840.000000	4.766171	26	26
