aa=[153712	1.02	13333.33333
4712	1.087737	26666.66667
13128	1.082348	40000
3464	1.08222	53333.33333
10824	1.076052	66666.66667
2744	1.074483	80000
8424	1.067865	93333.33333
2320	1.064797	106666.6667
11784	1.057913	120000
2784	1.056945	133333.3333
15024	1.050352	146666.6667
3040	1.051408	160000
14296	1.044975	173333.3333
3384	1.045577	186666.6667
15000	1.039358	200000
4256	1.0404	213333.3333
21376	1.034727	226666.6667
4088	1.039753	240000
18984	1.033975	253333.3333
4056	1.037507	266666.6667
20784	1.031708	280000
5712	1.036365	293333.3333
21408	1.031602	306666.6667
5864	1.036648	320000
24016	1.03198	333333.3333
5936	1.038657	346666.6667
25032	1.034033	360000
6384	1.041345	373333.3333
21816	1.037002	386666.6667
6304	1.042303	400000
23504	1.03791	413333.3333
6176	1.044267	426666.6667
24184	1.039793	440000
6376	1.046575	453333.3333
23528	1.042227	466666.6667
6280	1.048598	480000
23928	1.04419	493333.3333
5816	1.050812	506666.6667
25944	1.046113	520000
5584	1.053995	533333.3333
21464	1.049152	546666.6667
6144	1.054233	560000
24456	1.04974	573333.3333
6752	1.056692	586666.6667
24072	1.052578	600000
6408	1.05929	613333.3333
25128	1.054962	626666.6667
6344	1.062333	640000
21768	1.057965	653333.3333
6072	1.063237	666666.6667
20680	1.058698	680000
6272	1.06329	693333.3333
22432	1.058877	706666.6667
6024	1.064563	720000
22008	1.059995	733333.3333
4864	1.065417	746666.6667
19672	1.060123	760000
5704	1.064085	773333.3333
20992	1.059317	786666.6667
5552	1.064103	800000
78760	1.05924	813333.3333
5432	1.099308	826666.6667
15768	1.093645	840000
4960	1.094384	853333.3333
18192	1.088577	866666.6667
5232	1.09081	880000
19504	1.085292	893333.3333
5648	1.088303	906666.6667
19440	1.083139	920000
5528	1.086094	933333.3333
18688	1.08096	946666.6667
5880	1.083464	960000
19344	1.07863	973333.3333
5656	1.081496	986666.6667
18616	1.076622	1000000
6408	1.079063	1013333.333
19192	1.074695	1026666.667
5336	1.077441	1040000
18000	1.072559	1053333.333
5896	1.07464	1066666.667
18320	1.070147	1080000
5504	1.072395	1093333.333
17664	1.067766	1106666.667
5128	1.069658	1120000
16416	1.064908	1133333.333
4688	1.066144	1146666.667
16840	1.061245	1160000
5256	1.062712	1173333.333
19360	1.058186	1186666.667
4968	1.060951	1200000
18656	1.056342	1213333.333
4928	1.058733	1226666.667
17000	1.054171	1240000
4288	1.055719	1253333.333
15520	1.050905	1266666.667
4344	1.051723	1280000
22728	1.047011	1293333.333
3968	1.051386	1306666.667
19360	1.046543	1320000
4776	1.04924	1333333.333
18896	1.04485	1346666.667
4088	1.047307	1360000
20960	1.042643	1373333.333
4328	1.046074	1386666.667
20920	1.041577	1400000
5648	1.044963	1413333.333
20936	1.041136	1426666.667
4728	1.044502	1440000
19672	1.040287	1453333.333
5592	1.043041	1466666.667
19872	1.039271	1480000
6000	1.042098	1493333.333
20448	1.038555	1506666.667
5496	1.041625	1520000
20040	1.037888	1533333.333
5472	1.040751	1546666.667
18792	1.037041	1560000
5728	1.039325	1573333.333
18304	1.035769	1586666.667
4808	1.037824	1600000
62944	1.033899	1613333.333
3832	1.055593	1626666.667
13640	1.0512	1640000
4312	1.051125	1653333.333
16000	1.046996	1666666.667
4080	1.047963	1680000
16208	1.043781	1693333.333
4008	1.044843	1706666.667
20712	1.040678	1720000
4112	1.043665	1733333.333
18352	1.039581	1746666.667
3208	1.041552	1760000
16232	1.037128	1773333.333
3944	1.038205	1786666.667
16352	1.034136	1800000
3176	1.035267	1813333.333
15512	1.03092	1826666.667
3592	1.031708	1840000
14472	1.027579	1853333.333
3776	1.027947	1866666.667
16600	1.023936	1880000
3856	1.025183	1893333.333
15344	1.021244	1906666.667
3656	1.021984	1920000
15144	1.018003	1933333.333
3944	1.018669	1946666.667
14472	1.014843	1960000
3400	1.015247	1973333.333
13624	1.011242	1986666.667
3920	1.01132	2000000
15088	1.007561	2013333.333
3656	1.008227	2026666.667
14888	1.0044	2040000
3344	1.004994	2053333.333
14808	1.001081	2066666.667
3232	1.001651	2080000
14416	0.99773	2093333.333
3504	0.998156	2106666.667
20000	0.994376	2120000
3128	0.996953	2133333.333
16104	0.993057	2146666.667
3920	0.994135	2160000
16352	0.990573	2173333.333
3712	0.991747	2186666.667
17800	0.988135	2200000
3944	0.989854	2213333.333
17672	0.986357	2226666.667
4360	0.988023	2240000
18208	0.984707	2253333.333
3776	0.986568	2266666.667
18000	0.983059	2280000
3672	0.984836	2293333.333
16720	0.981314	2306666.667
3680	0.982614	2320000
16104	0.979121	2333333.333
3872	0.980195	2346666.667
17120	0.976799	2360000
3640	0.978242	2373333.333
17688	0.974786	2386666.667
3600	0.976432	2400000
75624	0.972986	2413333.333
3000	0.995476	2426666.667
11248	0.99178	2440000
3608	0.991056	2453333.333
16728	0.987609	2466666.667
3424	0.988851	2480000
15352	0.985364	2493333.333
3368	0.986117	2506666.667
14064	0.982636	2520000
3224	0.982939	2533333.333
14160	0.979434	2546666.667
2856	0.979777	2560000
11392	0.976169	2573333.333
2264	0.975554	2586666.667
10960	0.97177	2600000
2408	0.97102	2613333.333
11376	0.967316	2626666.667
2480	0.966724	2640000
17912	0.963074	2653333.333
2880	0.964738	2666666.667
14600	0.961248	2680000
3904	0.961777	2693333.333
14872	0.95866	2706666.667
3024	0.959284	2720000
14416	0.95589	2733333.333
2552	0.956364	2746666.667
14016	0.952833	2760000
3040	0.953177	2773333.333
12488	0.949834	2786666.667
3152	0.949671	2800000
13224	0.94639	2813333.333
3000	0.946481	2826666.667
12416	0.943171	2840000
2560	0.943001	2853333.333
11912	0.939569	2866666.667
2512	0.93924	2880000
12392	0.935816	2893333.333
2680	0.935655	2906666.667
11080	0.93231	2920000
2600	0.931727	2933333.333
16256	0.928379	2946666.667
2888	0.929493	2960000
13472	0.926258	2973333.333
3152	0.926469	2986666.667
14152	0.92334	3000000
3344	0.923775	3013333.333
14848	0.920726	3026666.667
3224	0.921388	3040000
13808	0.918319	3053333.333
2824	0.91865	3066666.667
12944	0.915472	3080000
2872	0.915531	3093333.333
13464	0.912388	3106666.667
2856	0.912618	3120000
12648	0.909489	3133333.333
2728	0.909465	3146666.667
13144	0.906315	3160000
2752	0.906453	3173333.333
13832	0.90333	3186666.667
2648	0.903688	3200000
78480	0.90055	3213333.333
2584	0.921073	3226666.667
15032	0.917891	3240000
2912	0.918587	3253333.333
14328	0.915524	3266666.667
2992	0.916005	3280000
13688	0.912983	3293333.333
2664	0.913269	3306666.667
13560	0.910164	3320000
2552	0.910414	3333333.333
12832	0.907293	3346666.667
2504	0.907324	3360000
11176	0.904206	3373333.333
2392	0.903739	3386666.667
18992	0.900605	3400000
2496	0.902515	3413333.333
14632	0.899427	3426666.667
2824	0.900015	3440000
14352	0.897041	3453333.333
2520	0.897547	3466666.667
12640	0.894497	3480000
2328	0.894492	3493333.333
12608	0.891402	3506666.667
2336	0.891392	3520000
10976	0.888321	3533333.333
2368	0.887831	3546666.667
11976	0.884787	3560000
1832	0.884601	3573333.333
11480	0.881415	3586666.667
2272	0.881089	3600000
11800	0.87805	3613333.333
2200	0.877824	3626666.667
11800	0.874781	3640000
2280	0.874561	3653333.333
12456	0.871558	3666666.667
2208	0.871535	3680000
17352	0.868526	3693333.333
2632	0.869933	3706666.667
14144	0.86706	3720000
2584	0.867533	3733333.333
12504	0.86466	3746666.667
2280	0.864661	3760000
12536	0.861715	3773333.333
1960	0.86173	3786666.667
13496	0.858706	3800000
2616	0.859001	3813333.333
12280	0.85618	3826666.667
2960	0.85613	3840000
13248	0.85342	3853333.333
3656	0.85365	3866666.667
14240	0.851151	3880000
3032	0.851665	3893333.333
15224	0.849	3906666.667
3256	0.849793	3920000
14600	0.847203	3933333.333
2960	0.84782	3946666.667
14808	0.845158	3960000
3040	0.845833	3973333.333
14440	0.843205	3986666.667
3024	0.843777	4000000
];
